400	953.83142
401.58487	960.85498
403.16974	956.39105
404.75461	951.03607
406.33948	952.53998
407.92435	954.73944
409.50922	958.49988
411.09406	957.56262
412.67892	960.43579
414.26379	961.70642
415.84866	956.78363
417.43353	957.15826
419.0184	952.02374
420.60327	958.6748
422.18814	956.22943
423.77301	961.87195
425.35788	957.45795
426.94275	949.1322
428.52762	962.034
430.11249	955.96393
431.69733	953.16046
433.2822	958.43811
434.86707	947.59314
436.45193	945.89539
438.0368	961.35669
439.62167	960.68231
441.20654	961.42358
442.79141	965.86591
444.37628	956.39459
445.96115	950.95709
447.54602	962.03479
449.13089	956.20966
450.71576	960.42438
452.30063	954.06256
453.88547	956.27686
455.47034	964.14673
457.05521	964.59857
458.64008	956.68164
460.22495	962.87921
461.80981	967.83282
463.39468	950.09497
464.97955	948.66681
466.56442	960.77606
468.14929	960.8891
469.73416	959.25903
471.31903	959.47272
472.9039	959.94159
474.48874	956.8327
476.07361	952.65204
477.65848	955.50085
479.24335	956.83984
480.82822	957.99078
482.41309	965.04144
483.99796	972.85919
485.58282	972.755
487.16769	964.45227
488.75256	956.7121
490.33743	954.49762
491.9223	960.00336
493.50717	955.91364
495.09201	951.20551
496.67688	960.10815
498.26175	953.39636
499.84662	957.03784
501.43149	953.44244
503.01636	957.07825
504.60123	955.07086
506.1861	960.01379
507.77097	963.17645
509.35583	958.34509
510.9407	961.6629
512.52557	963.28442
514.11041	960.20959
515.69531	960.57349
517.28015	958.22345
518.86505	959.15369
520.44989	956.40222
522.03479	967.82941
523.61963	962.70105
525.20453	963.52545
526.78937	967.3642
528.37421	970.23224
529.95911	970.20203
531.54395	968.42523
533.12885	971.70813
534.71368	968.5813
536.29858	958.59875
537.88342	960.953
539.46832	959.68573
541.05316	950.7464
542.63806	955.54865
544.2229	954.1391
545.8078	954.72131
547.39264	947.58191
548.97748	946.22571
550.56238	953.25183
552.14722	954.47894
553.73212	952.33606
555.31696	958.39246
556.90186	962.28656
558.48669	950.96069
560.07159	942.99316
561.65643	946.92371
563.24133	952.03656
564.82617	953.72296
566.41107	947.17426
567.99591	951.77979
569.58075	955.06311
571.16565	949.95544
572.75049	963.4433
574.33539	960.46814
575.92023	950.73566
577.50513	953.9751
579.08997	954.42377
580.67487	949.34528
582.2597	966.59491
583.8446	962.3623
585.42944	958.61194
587.01434	951.28876
588.59918	958.33112
590.18402	959.95325
591.76892	960.97003
593.35376	959.28253
594.93866	959.57355
596.5235	954.25903
598.1084	957.5368
599.69324	952.09259
601.27814	960.09247
602.86298	959.81946
604.44788	962.96893
606.03271	960.58527
607.61761	956.53296
609.20245	957.65161
610.78729	962.90143
612.37219	965.4903
613.95703	967.2215
615.54193	963.81714
617.12677	962.88599
618.71167	952.69836
620.29651	961.3175
621.88141	965.86377
623.46625	966.14288
625.05115	970.55115
626.63599	965.74158
628.22089	958.6825
629.80573	955.51752
631.39056	956.17041
632.97546	950.45551
634.5603	958.64117
636.1452	958.26556
637.73004	951.29016
639.31494	954.04779
640.89978	955.37231
642.48468	949.23676
644.06952	952.05811
645.65442	952.35101
647.23926	962.43787
648.82416	957.25238
650.409	959.19055
651.99384	954.21179
653.57874	957.07312
655.16357	962.87952
656.74847	966.76324
658.33331	962.93329
659.91821	948.60095
661.50305	956.58295
663.08795	956.5108
664.67279	959.90039
666.25769	958.83417
667.84253	955.06555
669.42743	963.40143
671.01227	958.07428
672.59711	960.51245
674.18201	958.47003
675.76685	955.49048
677.35175	953.9845
678.93658	951.81512
680.52148	955.41663
682.10632	958.55713
683.69122	958.76831
685.27606	952.48053
686.86096	950.78931
688.4458	957.56915
690.0307	950.69781
691.61554	951.09216
693.20044	952.94513
694.78528	957.95624
696.37012	947.58582
697.95502	958.10095
699.53986	963.8844
701.12476	955.17047
702.70959	948.10406
704.29449	946.78241
705.87933	960.39154
707.46423	963.76947
709.04907	949.98511
710.63397	946.06451
712.21881	956.75793
713.80371	957.03168
715.38855	953.06024
716.97339	950.01874
718.55829	956.1767
720.14313	958.78693
721.72803	958.51453
723.31287	963.75824
724.89777	958.98303
726.4826	944.44757
728.0675	945.6673
729.65234	947.50293
731.23724	957.02625
732.82208	956.97931
734.40698	947.41577
735.99182	953.22089
737.57666	961.078
739.16156	950.35242
740.7464	953.0824
742.3313	958.43231
743.91614	965.58972
745.50104	959.4798
747.08588	955.89325
748.67078	951.53717
750.25562	951.84106
751.84052	950.83337
753.42535	956.39667
755.01025	953.11841
756.59509	956.32806
758.17993	956.46155
759.76483	949.87433
761.34967	952.28448
762.93457	964.59979
764.51941	955.94446
766.10431	960.57751
767.68915	966.96735
769.27405	964.39148
770.85889	959.40686
772.44379	961.59772
774.02863	962.87537
775.61353	1029.4254
777.19836	1032.5062
778.7832	984.96161
780.3681	949.3645
781.95294	953.14856
783.53784	956.09821
785.12268	969.39154
786.70758	965.73273
788.29242	963.05298
789.87732	965.17151
791.46216	956.13843
793.04706	955.79639
794.6319	962.95734
796.2168	960.8714
797.80164	949.15106
799.38647	961.45825
800.97137	956.69879
802.55621	956.71484
804.14111	963.48047
805.72595	958.56873
807.31085	952.31543
808.89569	956.87274
810.48059	967.90814
812.06543	972.75592
813.65033	961.8739
815.23517	960.43317
816.82007	965.23639
818.40491	962.80243
819.98975	959.82129
821.57465	963.2757
823.15948	960.86725
824.74438	961.46149
826.32922	955.61194
827.91412	958.20581
829.49896	960.12463
831.08386	953.25214
832.6687	953.0094
834.2536	965.58276
835.83844	960.43848
837.42334	960.23529
839.00818	969.01776
840.59302	973.71332
842.17792	964.2124
843.76276	963.46588
845.34766	958.93323
846.9325	955.87122
848.5174	964.9173
850.10223	956.58972
851.68713	956.45648
853.27197	963.48718
854.85687	958.82483
856.44171	952.6922
858.02661	949.95087
859.61145	955.76794
861.19629	959.09192
862.78119	958.38116
864.36603	956.70465
865.95093	960.77557
867.53577	960.76147
869.12067	966.95868
870.70551	960.80786
872.29041	953.38965
873.87524	953.54822
875.46014	961.51135
877.04498	964.35699
878.62988	956.99939
880.21472	956.45856
881.79956	962.28888
883.38446	954.6626
884.9693	962.6593
886.5542	960.72992
888.13904	960.07574
889.72394	957.57861
891.30878	968.16553
892.89368	1118.7997
894.47852	1838.6942
896.06342	2397.771
897.64825	990.9458
899.23315	965.71747
900.81799	968.53613
902.40289	965.66272
903.98773	965.82544
905.57257	977.85199
907.15747	961.26349
908.74231	962.54938
910.32721	959.21875
911.91205	957.92529
913.49695	966.98169
915.08179	959.3172
916.66669	964.09113
918.25153	957.56262
919.83643	967.38135
921.42126	962.06897
923.00616	955.17896
924.591	948.87292
926.17584	960.7998
927.76074	962.11945
929.34558	958.72107
930.93048	961.66156
932.51532	964.55939
934.10022	970.56091
935.68506	962.37079
937.26996	964.93115
938.8548	964.02728
940.4397	974.27881
942.02454	965.84943
943.60944	963.41565
945.19427	971.0379
946.77911	970.10425
948.36401	959.8233
949.94885	971.35876
951.53375	973.69617
953.11859	972.55792
954.70349	977.40985
956.28833	974.21307
957.87323	976.08838
959.45807	976.88037
961.04297	968.85071
962.62781	964.1593
964.21271	973.16583
965.79755	981.66595
967.38239	986.27911
968.96729	984.05261
970.55212	983.5528
972.13702	981.65912
973.72186	970.30878
975.30676	980.62939
976.8916	986.70966
978.4765	983.07104
980.06134	985.32434
981.64624	984.39368
983.23108	990.1203
984.81598	991.73108
986.40082	1003.3031
987.98566	992.20374
989.57056	979.8075
991.1554	994.60321
992.7403	992.49744
994.32513	1000.9502
995.91003	1003.2249
997.49487	1007.5264
999.07977	1000.8776
1000.6646	993.29633
1002.2495	984.23651
1003.8344	984.27539
1005.4193	996.21814
1007.0041	995.10535
1008.5889	998.07788
1010.1738	991.31104
1011.7587	989.04889
1013.3436	992.57874
1014.9284	986.71863
1016.5133	989.11151
1018.0981	990.92438
1019.683	989.87305
1021.2679	990.8631
1022.8528	1000.95
1024.4376	985.06171
1026.0225	989.77441
1027.6074	994.96002
1029.1923	996.29053
1030.7771	993.46014
1032.3619	995.93005
1033.9468	989.07501
1035.5317	982.2804
1037.1166	994.31171
1038.7014	983.77301
1040.2863	979.89563
1041.8712	991.15033
1043.4561	992.67242
1045.0409	993.37262
1046.6257	998.6109
1048.2107	993.72797
1049.7955	998.08752
1051.3804	999.73322
1052.9652	997.67847
1054.55	1002.5132
1056.135	990.55035
1057.7198	995.70178
1059.3047	999.24292
1060.8895	990.51941
1062.4745	989.67908
1064.0593	993.25842
1065.6442	989.64526
1067.229	989.1955
1068.814	987.79626
1070.3988	995.56537
1071.9836	994.72876
1073.5685	989.21472
1075.1533	990.60315
1076.7383	989.08002
1078.3231	988.21747
1079.908	991.83496
1081.4928	981.12958
1083.0778	982.9942
1084.6626	990.16711
1086.2474	986.75323
1087.8323	989.80865
1089.4172	997.60394
1091.0021	991.17065
1092.5869	984.16498
1094.1718	971.87122
1095.7566	975.22382
1097.3416	978.18994
1098.9264	985.88055
1100.5112	979.92377
1102.0961	978.85376
1103.681	971.86755
1105.2659	971.12854
1106.8507	966.93652
1108.4355	979.1601
1110.0205	978.19159
1111.6053	981.55615
1113.1902	1000.8051
1114.775	1022.0695
1116.3599	1069.5176
1117.9448	1118.2886
1119.5297	1144.5929
1121.1145	1119.6617
1122.6993	1062.7454
1124.2843	1023.6539
1125.8691	993.36426
1127.454	977.01471
1129.0388	974.46484
1130.6238	978.80438
1132.2086	973.53369
1133.7935	974.46313
1135.3783	976.66571
1136.9631	974.55206
1138.5481	968.14795
1140.1329	965.89899
1141.7178	975.12524
1143.3026	980.5058
1144.8876	972.25549
1146.4724	971.53741
1148.0573	980.05298
1149.6421	976.28107
1151.2271	981.46167
1152.8119	970.39056
1154.3967	966.8006
1155.9816	974.21313
1157.5664	978.02026
1159.1514	979.97552
1160.7362	975.38641
1162.321	974.21912
1163.9059	972.31183
1165.4908	980.17322
1167.0757	974.29596
1168.6605	973.69891
1170.2454	968.05145
1171.8303	976.56757
1173.4152	972.94373
1175	973.67078
1176.5848	983.5379
1178.1697	983.73627
1179.7546	965.85699
1181.3395	966.10876
1182.9243	973.7149
1184.5092	978.02039
1186.0941	974.76038
1187.679	974.55945
1189.2638	967.56958
1190.8486	969.54224
1192.4336	980.95728
1194.0184	993.53241
1195.6033	985.26959
1197.1881	966.72882
1198.7729	971.55664
1200.3579	980.23706
1201.9427	970.64502
1203.5276	966.8739
1205.1124	979.15314
1206.6974	976.73413
1208.2822	978.60748
1209.8671	983.16211
1211.4519	976.06012
1213.0369	978.18622
1214.6217	979.37451
1216.2065	985.47687
1217.7914	975.67328
1219.3762	980.00214
1220.9612	968.4505
1222.546	966.60638
1224.1309	969.76147
1225.7157	972.90271
1227.3007	969.41577
1228.8855	965.86066
1230.4703	969.20367
1232.0552	972.76324
1233.6401	976.99493
1235.225	975.17853
1236.8098	980.00714
1238.3947	972.67596
1239.9795	972.35944
1241.5645	971.20593
1243.1493	974.76813
1244.7341	966.72449
1246.319	972.22943
1247.9039	980.71051
1249.4888	974.4848
1251.0736	968.13428
1252.6584	969.61963
1254.2434	976.75012
1255.8282	968.39667
1257.4131	978.0285
1258.9979	977.40204
1260.5828	969.89374
1262.1677	975.65784
1263.7526	978.0498
1265.3374	985.5744
1266.9222	977.36194
1268.5072	980.82654
1270.092	1006.9551
1271.6769	1122.9691
1273.2617	993.61749
1274.8467	971.68494
1276.4315	979.74158
1278.0164	970.67419
1279.6012	971.08875
1281.186	971.586
1282.771	985.66522
1284.3558	987.20404
1285.9407	972.02411
1287.5255	970.22919
1289.1105	973.8623
1290.6953	977.09546
1292.2802	977.4574
1293.865	971.26843
1295.45	971.75134
1297.0348	966.89459
1298.6196	969.69318
1300.2045	972.61267
1301.7893	970.45715
1303.3743	973.14893
1304.9591	977.50262
1306.5439	974.85242
1308.1288	970.56195
1309.7137	978.45599
1311.2986	980.76733
1312.8834	985.83026
1314.4683	987.61572
1316.0532	982.55194
1317.6381	976.16174
1319.2229	973.25336
1320.8077	973.4856
1322.3926	970.30255
1323.9775	981.46344
1325.5624	976.33002
1327.1472	972.66064
1328.7321	977.90735
1330.317	974.69727
1331.9019	975.59607
1333.4867	973.76099
1335.0715	983.42102
1336.6565	981.30438
1338.2413	980.57904
1339.8262	972.95612
1341.411	974.64685
1342.9958	982.27399
1344.5808	987.69244
1346.1656	980.47699
1347.7505	973.76886
1349.3353	972.47046
1350.9203	968.41559
1352.5051	971.81616
1354.09	967.98425
1355.6748	984.18109
1357.2598	980.79181
1358.8446	962.04346
1360.4294	967.46466
1362.0143	971.30811
1363.5991	975.20227
1365.1841	973.82269
1366.7689	978.90076
1368.3538	972.4079
1369.9386	970.36963
1371.5236	965.78174
1373.1084	971.85144
1374.6932	982.46912
1376.2781	981.7804
1377.863	972.32404
1379.4479	972.08142
1381.0327	973.27271
1382.6176	981.50922
1384.2025	968.40118
1385.7874	974.52106
1387.3722	977.18964
1388.957	977.98334
1390.5419	973.1637
1392.1268	977.88281
1393.7117	979.76129
1395.2965	980.06586
1396.8813	976.86517
1398.4663	986.12482
1400.0511	974.1156
1401.636	972.36987
1403.2208	975.76398
1404.8058	984.30878
1406.3906	977.68988
1407.9755	974.86719
1409.5603	985.69403
1411.1451	979.88959
1412.7301	976.14783
1414.3149	970.47559
1415.8998	978.39252
1417.4846	983.79413
1419.0696	970.01587
1420.6544	968.79095
1422.2393	973.8125
1423.8241	973.90448
1425.4091	975.53302
1426.9939	964.45905
1428.5787	972.12451
1430.1636	971.64075
1431.7484	970.73499
1433.3334	975.36743
1434.9182	980.29926
1436.5031	980.88892
1438.0879	981.64832
1439.6729	976.54529
1441.2577	979.28754
1442.8425	982.27979
1444.4274	978.66412
1446.0123	979.45789
1447.5972	978.97119
1449.182	974.9364
1450.7668	971.47302
1452.3517	976.36285
1453.9366	973.58972
1455.5215	971.40704
1457.1063	970.1123
1458.6912	970.25763
1460.2761	979.76752
1461.861	971.93652
1463.4458	970.40387
1465.0306	976.75812
1466.6156	972.729
1468.2004	969.87048
1469.7853	977.77344
1471.3701	974.62726
1472.955	970.84064
1474.5399	975.64838
1476.1248	972.12903
1477.7096	966.29431
1479.2944	971.99493
1480.8794	982.59882
1482.4642	969.91406
1484.0491	971.88007
1485.6339	976.77466
1487.2189	980.56738
1488.8037	979.30878
1490.3885	968.96979
1491.9734	974.86932
1493.5582	967.46069
1495.1432	972.28314
1496.728	970.0116
1498.3129	974.80914
1499.8977	978.03174
1501.4827	970.86188
1503.0675	976.17285
1504.6523	971.84778
1506.2372	966.2265
1507.8221	980.74756
1509.407	981.28137
1510.9918	983.76184
1512.5767	977.71063
1514.1615	977.45496
1515.7465	981.42474
1517.3313	976.19867
1518.9161	962.78699
1520.501	969.7406
1522.0859	977.92041
1523.6708	973.77704
1525.2556	977.59625
1526.8405	978.61426
1528.4254	980.66962
1530.0103	989.69281
1531.5951	975.02008
1533.1799	980.46326
1534.7648	980.71808
1536.3497	973.29114
1537.9346	973.62463
1539.5194	973.84375
1541.1042	979.26263
1542.6892	986.45807
1544.274	973.99841
1545.8589	975.8302
1547.4437	975.04791
1549.0287	984.59308
1550.6135	977.23773
1552.1984	973.80371
1553.7832	979.21503
1555.368	982.94904
1556.953	977.80347
1558.5378	974.74756
1560.1227	975.87262
1561.7075	970.7113
1563.2925	986.40497
1564.8773	983.13055
1566.4622	969.61932
1568.047	971.01569
1569.632	965.6778
1571.2168	969.02399
1572.8016	982.46149
1574.3865	977.36023
1575.9713	977.39642
1577.5563	982.26898
1579.1411	975.74823
1580.726	978.7757
1582.3108	987.49341
1583.8958	984.55035
1585.4806	979.29181
1587.0654	978.90289
1588.6503	978.66382
1590.2352	989.41766
1591.8201	985.57196
1593.4049	987.94757
1594.9897	988.98572
1596.5746	990.05725
1598.1595	974.88763
1599.7444	976.64899
1601.3292	974.8382
1602.9141	976.16797
1604.499	979.15918
1606.0839	981.21161
1607.6687	984.47601
1609.2535	977.5
1610.8385	984.70551
1612.4233	975.72882
1614.0082	978.6767
1615.593	988.03143
1617.1779	989.29077
1618.7628	989.16754
1620.3477	977.10229
1621.9325	977.25214
1623.5173	969.4588
1625.1023	988.30713
1626.6871	979.81488
1628.272	977.31586
1629.8568	974.9707
1631.4418	979.01001
1633.0266	987.38879
1634.6115	982.60364
1636.1963	986.19318
1637.7811	973.17828
1639.3661	975.07556
1640.9509	984.33539
1642.5358	988.09454
1644.1206	985.10675
1645.7056	983.26941
1647.2904	969.65753
1648.8752	975.33081
1650.4601	978.82013
1652.045	987.44025
1653.6299	978.98346
1655.2147	976.33893
1656.7996	976.9812
1658.3844	982.22345
1659.9694	985.00714
1661.5542	981.71234
1663.139	978.15588
1664.7239	979.79901
1666.3088	986.32629
1667.8937	985.89056
1669.4785	985.11505
1671.0634	987.23889
1672.6483	980.81409
1674.2332	984.87396
1675.818	989.32556
1677.4028	979.47852
1678.9877	976.70227
1680.5726	979.22833
1682.1575	981.06152
1683.7423	987.60779
1685.3271	993.14575
1686.9121	987.5827
1688.4969	983.74384
1690.0818	981.58856
1691.6666	985.58063
1693.2516	989.99579
1694.8364	991.72437
1696.4213	982.27179
1698.0061	982.42584
1699.5909	976.01019
1701.1759	990.71344
1702.7607	984.6358
1704.3456	987.5589
1705.9304	977.64496
1707.5154	967.09491
1709.1002	986.77234
1710.6851	991.80792
1712.2699	976.28864
1713.8549	980.99756
1715.4397	982.95667
1717.0245	974.50293
1718.6094	995.84674
1720.1942	986.58923
1721.7792	984.42828
1723.364	986.30475
1724.9489	987.09955
1726.5337	991.29388
1728.1187	989.65723
1729.7035	986.63196
1731.2883	978.33984
1732.8732	989.11005
1734.4581	983.13928
1736.043	968.06238
1737.6278	984.7453
1739.2126	992.45837
1740.7975	979.86121
1742.3824	978.79401
1743.9673	982.3974
1745.5521	985.11987
1747.137	979.96179
1748.7219	997.02106
1750.3068	994.7923
1751.8916	995.72766
1753.4764	985.79224
1755.0614	984.73895
1756.6462	981.80994
1758.2311	993.03174
1759.8159	1056.8362
1761.4009	1315.6388
1762.9857	1067.8495
1764.5706	1010.7227
1766.1554	995.2998
1767.7402	996.79108
1769.3252	998.11371
1770.91	993.61731
1772.4949	994.77246
1774.0797	998.67859
1775.6647	987.50061
1777.2495	988.05841
1778.8344	989.2439
1780.4192	993.15466
1782.0042	994.92554
1783.589	997.56366
1785.1738	1005.2775
1786.7587	991.32544
1788.3435	996.71149
1789.9285	996.00342
1791.5133	996.06836
1793.0981	996.54034
1794.683	994.5304
1796.2679	990.48773
1797.8528	988.7113
1799.4376	984.54291
1801.0225	989.49091
1802.6074	995.75549
1804.1923	990.77539
1805.7771	988.12823
1807.3619	989.40558
1808.9468	990.06476
1810.5317	990.93494
1812.1166	987.25616
1813.7014	985.05957
1815.2863	983.73944
1816.8712	998.66791
1818.4561	1001.9318
1820.0409	987.38635
1821.6257	1001.2623
1823.2107	1002.6902
1824.7955	985.83356
1826.3804	991.7337
1827.9652	998.12762
1829.55	1000.8554
1831.135	989.04218
1832.7198	992.64227
1834.3047	991.46698
1835.8895	995.36255
1837.4745	990.70605
1839.0593	989.06885
1840.6442	991.48615
1842.229	983.28027
1843.814	989.54791
1845.3988	988.31244
1846.9836	988.93884
1848.5685	991.43903
1850.1533	985.65442
1851.7383	986.85107
1853.3231	993.67627
1854.908	990.90314
1856.4928	995.95044
1858.0778	989.91089
1859.6626	989.66864
1861.2474	996.69885
1862.8323	984.91809
1864.4172	990.4375
1866.0021	999.84967
1867.5869	997.07483
1869.1718	996.68457
1870.7566	996.34241
1872.3416	992.30151
1873.9264	1002.4113
1875.5112	982.83124
1877.0961	989.18268
1878.681	984.15887
1880.2659	991.7851
1881.8507	989.76117
1883.4355	996.31848
1885.0205	984.1687
1886.6053	986.63568
1888.1902	992.81952
1889.775	983.63416
1891.3599	996.2489
1892.9448	994.91827
1894.5297	995.67743
1896.1145	993.75458
1897.6993	990.90265
1899.2843	985.52637
1900.8691	995.05054
1902.454	1000.2799
1904.0388	996.22998
1905.6238	996.0061
1907.2086	984.77313
1908.7935	986.53564
1910.3783	993.16357
1911.9631	987.08276
1913.5481	998.8233
1915.1329	993.67322
1916.7178	987.9801
1918.3026	996.76764
1919.8876	990.50159
1921.4724	996.59943
1923.0573	996.86041
1924.6421	986.84192
1926.2271	990.94269
1927.8119	996.0321
1929.3967	994.08124
1930.9816	994.68115
1932.5664	995.72217
1934.1514	1006.4676
1935.7362	994.82788
1937.321	988.76471
1938.9059	992.55475
1940.4908	987.93457
1942.0757	997.87659
1943.6605	1000.9051
1945.2454	1002.5493
1946.8303	999.17151
1948.4152	1004.4916
1950	995.47943
1951.5848	993.7702
1953.1697	995.78125
1954.7546	992.93292
1956.3395	1004.7867
1957.9243	998.22784
1959.5092	999.01019
1961.0941	992.07953
1962.679	988.16425
1964.2638	986.776
1965.8486	1009.4167
1967.4336	1002.4343
1969.0184	995.70453
1970.6033	986.25647
1972.1881	985.245
1973.7729	994.62677
1975.3579	998.57806
1976.9427	989.70911
1978.5276	984.74097
1980.1124	984.14423
1981.6974	995.71698
1983.2822	996.40814
1984.8671	994.58765
1986.4519	997.15802
1988.0369	994.08539
1989.6217	981.64429
1991.2065	995.26953
1992.7914	1000.8435
1994.3762	987.91101
1995.9612	986.34998
1997.546	988.73639
1999.1309	999.61316
2000.7157	996.61218
2002.3007	989.30688
2003.8855	987.4707
2005.4703	993.17419
2007.0552	994.72424
2008.6401	984.23071
2010.225	987.78772
2011.8098	982.11096
2013.3947	992.24884
2014.9795	994.8606
2016.5645	995.74292
2018.1493	990.43823
2019.7341	995.42108
2021.319	986.20184
2022.9039	984.26379
2024.4888	987.01892
2026.0736	984.42017
2027.6584	981.65106
2029.2434	987.03711
2030.8282	996.07098
2032.4131	1000.1141
2033.9979	995.81653
2035.5828	984.2262
2037.1677	991.82446
2038.7526	989.05182
2040.3374	990.12042
2041.9222	992.48621
2043.5072	991.40143
2045.092	980.84113
2046.6769	995.43231
2048.2617	992.94855
2049.8467	987.04907
2051.4314	987.80896
2053.0164	979.84814
2054.6013	1176.4722
2056.186	1293.4775
2057.771	1094.0303
2059.3557	996.17053
2060.9407	989.95062
2062.5256	999.40076
2064.1104	997.63159
2065.6953	991.64301
2067.2803	996.61108
2068.865	991.4953
2070.45	992.98541
2072.0347	992.8797
2073.6196	1001.7745
2075.2046	989.1579
2076.7893	992.71118
2078.3743	995.76282
2079.959	1000.4634
2081.5439	1003.0082
2083.1289	996.84003
2084.7136	1003.2599
2086.2986	991.27216
2087.8835	998.18658
2089.4683	995.99695
2091.0532	1005.0168
2092.6379	1006.881
2094.2229	1001.1298
2095.8079	1015.4099
2097.3926	1023.4189
2098.9775	1023.8555
2100.5623	992.95587
2102.1472	998.63678
2103.7322	1003.3431
2105.3169	990.8255
2106.9019	997.23578
2108.4868	1001.1961
2110.0715	993.52264
2111.6565	996.13324
2113.2412	994.72754
2114.8262	999.29645
2116.4111	1002.7712
2117.9958	1005.5898
2119.5808	991.43774
2121.1655	985.51404
2122.7505	998.10797
2124.3354	996.29999
2125.9202	988.34485
2127.5051	994.96161
2129.0901	991.67731
2130.6748	996.31451
2132.2598	987.53241
2133.8445	998.4361
2135.4294	992.13477
2137.0144	988.30634
2138.5991	990.45276
2140.1841	992.20093
2141.7688	987.29126
2143.3538	996.57404
2144.9387	997.72754
2146.5234	998.94482
2148.1084	986.97577
2149.6934	996.61938
2151.2781	1003.0393
2152.863	1004.2385
2154.4478	999.18164
2156.0327	997.08569
2157.6177	1002.0009
2159.2024	1010.6256
2160.7874	1006.3131
2162.3721	1002.2004
2163.957	998.89685
2165.542	985.21198
2167.1267	997.84058
2168.7117	994.94061
2170.2966	993.78589
2171.8813	985.51978
2173.4663	995.41638
2175.051	993.3595
2176.636	997.14221
2178.2209	991.92419
2179.8057	994.92346
2181.3906	998.62061
2182.9753	1001.3253
2184.5603	993.34631
2186.1453	985.0144
2187.73	989.66205
2189.3149	1000.6583
2190.8999	990.57501
2192.4846	993.18463
2194.0696	989.3457
2195.6543	997.46179
2197.2393	993.33856
2198.8242	991.97357
2200.4089	994.56879
2201.9939	994.85083
2203.5786	996.19867
2205.1636	989.50409
2206.7485	993.74127
2208.3333	996.47656
2209.9182	998.60114
2211.5032	995.01056
2213.0879	998.90698
2214.6729	984.36261
2216.2576	997.36798
2217.8425	999.43866
2219.4275	997.64429
2221.0122	1002.0034
2222.5972	1004.168
2224.1819	987.51666
2225.7668	991.55096
2227.3518	999.00458
2228.9365	1000.7518
2230.5215	997.4223
2232.1064	985.92822
2233.6912	988.6637
2235.2761	987.42145
2236.8608	994.5387
2238.4458	999.01117
2240.0308	986.03369
2241.6155	989.13953
2243.2004	988.30084
2244.7852	985.24274
2246.3701	998.41595
2247.9551	985.44995
2249.5398	978.55005
2251.1248	993.89209
2252.7097	988.83649
2254.2944	987.92896
2255.8794	995.55084
2257.4641	997.77185
2259.0491	990.89862
2260.634	987.30469
2262.2188	987.86639
2263.8037	994.15002
2265.3884	998.17432
2266.9734	992.14429
2268.5583	991.95691
2270.1431	990.80811
2271.728	990.53088
2273.313	996.12537
2274.8977	990.44922
2276.4827	998.37079
2278.0674	999.61304
2279.6523	998.51459
2281.2373	1008.4665
2282.822	997.164
2284.407	997.70648
2285.9917	1001.8558
2287.5767	992.69659
2289.1616	994.48071
2290.7463	1000.3313
2292.3313	996.30896
2293.9163	995.76282
2295.501	990.58942
2297.0859	988.01276
2298.6707	998.30811
2300.2556	993.84955
2301.8406	996.58337
2303.4253	1001.9338
2305.0103	990.78015
2306.595	992.56067
2308.1799	996.51459
2309.7649	1003.8087
2311.3496	1000.6929
2312.9346	998.63257
2314.5195	996.43341
2316.1042	993.49762
2317.6892	988.63116
2319.2739	991.56696
2320.8589	1003.6064
2322.4438	985.00616
2324.0286	1002.532
2325.6135	1002.8021
2327.1982	1002.5038
2328.7832	987.55664
2330.3682	995.40997
2331.9529	989.96747
2333.5378	1008.3317
2335.1228	1002.8457
2336.7075	999.19037
2338.2925	998.31134
2339.8772	992.06958
2341.4622	1000.9758
2343.0471	998.4632
2344.6318	994.50421
2346.2168	993.5011
2347.8018	979.26575
2349.3865	992.62402
2350.9714	992.92487
2352.5562	999.50763
2354.1411	1003.9135
2355.7261	1000.8762
2357.3108	979.30829
2358.8958	994.83521
2360.4805	987.85803
2362.0654	996.12811
2363.6504	989.59875
2365.2351	981.47412
2366.8201	983.30603
2368.405	980.31073
2369.9897	992.46674
2371.5747	1002.2541
2373.1594	996.12262
2374.7444	986.56738
2376.3293	992.85791
2377.9141	1011.035
2379.499	984.83582
2381.0837	983.24725
2382.6687	991.06635
2384.2537	984.12335
2385.8384	990.08752
2387.4233	991.41504
2389.0083	988.45117
2390.593	990.98529
2392.178	994.49915
2393.7627	993.46503
2395.3477	992.98932
2396.9326	995.34082
2398.5173	993.91321
2400.1023	992.77979
2401.687	994.44379
2403.272	988.9837
2404.8569	995.43347
2406.4417	991.82983
2408.0266	990.53192
2409.6116	987.55652
2411.1963	983.20972
2412.7813	984.78107
2414.366	980.66705
2415.9509	978.58582
2417.5359	989.47485
2419.1206	994.50891
2420.7056	982.9809
2422.2903	977.59387
2423.8752	982.07446
2425.4602	985.88287
2427.0449	988.03156
2428.6299	988.73718
2430.2148	986.46661
2431.7996	983.75037
2433.3845	988.13733
2434.9692	985.83673
2436.5542	983.05469
2438.1392	983.89166
2439.7239	992.16595
2441.3088	986.62933
2442.8936	982.40204
2444.4785	988.84113
2446.0635	989.50311
2447.6482	985.65662
2449.2332	981.99188
2450.8181	987.69568
2452.4028	980.57697
2453.9878	985.93042
2455.5725	987.11359
2457.1575	985.89935
2458.7424	983.47729
2460.3271	985.04504
2461.9121	987.86951
2463.4968	994.09003
2465.0818	980.84558
2466.6667	987.11292
2468.2515	983.76031
2469.8364	972.96698
2471.4214	985.13599
2473.0061	981.69928
2474.5911	980.45715
2476.1758	981.09698
2477.7607	977.01874
2479.3457	974.59979
2480.9304	978.54706
2482.5154	982.56567
2484.1001	984.61829
2485.6851	989.84564
2487.27	989.49451
2488.8547	971.95306
2490.4397	992.51331
2492.0247	987.84784
2493.6094	979.35193
2495.1943	986.54254
2496.7791	992.08392
2498.364	979.07928
2499.949	984.57257
2501.5337	987.19995
2503.1187	985.79443
2504.7034	985.16669
2506.2883	987.0094
2507.8733	985.63953
2509.458	987.97845
2511.043	988.90582
2512.6279	982.73871
2514.2126	973.69879
2515.7976	975.09753
2517.3823	987.89142
2518.9673	985.38489
2520.5522	981.89423
2522.137	972.89941
2523.7219	969.13403
2525.3066	980.49744
2526.8916	979.12317
2528.4766	981.67151
2530.0613	980.38184
2531.6462	989.13586
2533.2312	978.70251
2534.8159	980.5824
2536.4009	975.30035
2537.9856	979.94427
2539.5706	979.92517
2541.1555	976.5423
2542.7402	974.05945
2544.3252	981.6864
2545.9099	977.20886
2547.4949	980.81171
2549.0798	974.97906
2550.6646	977.37292
2552.2495	972.78644
2553.8345	971.55371
2555.4192	974.33044
2557.0042	978.95825
2558.5889	974.57434
2560.1738	976.64197
2561.7588	982.88788
2563.3435	979.23425
2564.9285	976.02411
2566.5132	977.69312
2568.0981	979.47021
2569.6831	982.42047
2571.2678	975.66156
2572.8528	964.52222
2574.4377	971.50085
2576.0225	971.57123
2577.6074	961.15582
2579.1921	975.62115
2580.7771	980.08014
2582.3621	974.1333
2583.9468	965.27393
2585.5317	967.90863
2587.1165	972.25305
2588.7014	972.71619
2590.2864	967.34521
2591.8711	966.87048
2593.4561	968.93945
2595.041	972.32037
2596.6257	982.26007
2598.2107	976.16943
2599.7954	969.60358
2601.3804	963.67566
2602.9653	970.73651
2604.55	965.71564
2606.135	963.47858
2607.7197	959.25714
2609.3047	976.09406
2610.8896	975.09052
2612.4744	967.9469
2614.0593	973.47217
2615.6443	969.19983
2617.229	971.13049
2618.814	971.57855
2620.3987	970.383
2621.9836	969.02264
2623.5686	959.03625
2625.1533	966.89008
2626.7383	971.33838
2628.323	968.75507
2629.908	976.00012
2631.4929	964.01746
2633.0776	977.17767
2634.6626	972.77271
2636.2476	970.685
2637.8323	965.24146
2639.4172	971.60596
2641.002	975.97974
2642.5869	968.15546
2644.1719	971.07867
2645.7566	959.6922
2647.3416	959.20227
2648.9263	975.79163
2650.5112	972.32983
2652.0962	963.46582
2653.6809	962.6748
2655.2659	971.49823
2656.8508	962.18958
2658.4355	958.22284
2660.0205	961.66431
2661.6052	965.04169
2663.1902	967.38409
2664.7751	965.7204
2666.3599	968.28406
2667.9448	969.02289
2669.5295	961.08978
2671.1145	959.8963
2672.6995	961.9458
2674.2842	961.12256
2675.8691	969.53168
2677.4541	961.64746
2679.0388	959.31287
2680.6238	968.85864
2682.2085	964.19867
2683.7935	963.16522
2685.3784	960.28662
2686.9631	962.95831
2688.5481	956.26959
2690.1328	961.7851
2691.7178	958.23364
2693.3027	965.30603
2694.8875	958.58466
2696.4724	954.81189
2698.0574	964.13849
2699.6421	957.72058
2701.2271	952.3905
2702.8118	945.8407
2704.3967	950.36975
2705.9817	959.39185
2707.5664	968.8526
2709.1514	947.47009
2710.7361	959.52319
2712.321	952.57642
2713.906	953.02313
2715.4907	963.25116
2717.0757	961.51764
2718.6606	952.55762
2720.2454	951.75507
2721.8303	959.20386
2723.415	957.15118
2725	954.68414
2726.585	949.88733
2728.1697	953.67426
2729.7546	951.18695
2731.3394	957.99609
2732.9243	958.69385
2734.5093	944.86871
2736.094	947.37842
2737.679	947.44672
2739.2639	948.07874
2740.8486	948.7489
2742.4336	952.26202
2744.0183	956.83075
2745.6033	951.52832
2747.1882	944.16351
2748.7729	952.68549
2750.3579	942.4621
2751.9426	948.28662
2753.5276	951.31671
2755.1125	951.95471
2756.6973	952.38129
2758.2822	947.31586
2759.8672	953.69678
2761.4519	950.36786
2763.0369	942.47864
2764.6216	952.09863
2766.2065	955.09302
2767.7915	948.31122
2769.3762	953.18036
2770.9612	946.47247
2772.5459	949.62842
2774.1309	942.95593
2775.7158	949.36041
2777.3005	938.10052
2778.8855	939.35657
2780.4705	951.4447
2782.0552	955.70636
2783.6401	949.55035
2785.2249	944.159
2786.8098	941.44092
2788.3948	941.87097
2789.9795	953.04474
2791.5645	945.25183
2793.1492	947.50311
2794.7341	947.62415
2796.3191	947.63971
2797.9038	951.50238
2799.4888	938.8078
2801.0737	931.27344
2802.6584	946.13885
2804.2434	939.05847
2805.8281	945.67493
2807.4131	944.17279
2808.998	946.44366
2810.5828	951.22681
2812.1677	934.08319
2813.7524	938.36298
2815.3374	943.38947
2816.9224	953.52289
2818.5071	942.99512
2820.092	932.1449
2821.677	940.00311
2823.2617	933.77448
2824.8467	943.64056
2826.4314	946.47552
2828.0164	937.62793
2829.6013	940.83209
2831.186	938.82025
2832.771	936.35614
2834.3557	944.32758
2835.9407	946.23267
2837.5256	944.89966
2839.1104	947.61853
2840.6953	939.94592
2842.2803	939.5332
2843.865	941.51892
2845.45	944.04425
2847.0347	939.21167
2848.6196	931.52966
2850.2046	933.4082
2851.7893	940.63208
2853.3743	938.08392
2854.959	933.73718
2856.5439	936.87952
2858.1289	941.9704
2859.7136	939.69458
2861.2986	924.84198
2862.8835	940.43683
2864.4683	939.34149
2866.0532	931.28381
2867.6379	926.34857
2869.2229	930.21259
2870.8079	936.83374
2872.3926	927.63647
2873.9775	925.46423
2875.5623	942.08716
2877.1472	938.48669
2878.7322	940.22034
2880.3169	930.85425
2881.9019	936.30829
2883.4868	929.64685
2885.0715	926.02185
2886.6565	921.69855
2888.2412	920.46692
2889.8262	925.43341
2891.4111	932.46454
2892.9958	925.37805
2894.5808	935.85229
2896.1655	929.15088
2897.7505	931.20825
2899.3354	930.26276
2900.9202	929.74219
2902.5051	926.69592
2904.0901	928.60468
2905.6748	922.2442
2907.2598	931.54053
2908.8445	927
2910.4294	923.11517
2912.0144	920.4259
2913.5991	922.49597
2915.1841	919.54425
2916.7688	922.08679
2918.3538	928.87817
2919.9387	924.13306
2921.5234	924.81586
2923.1084	924.25452
2924.6934	930.1366
2926.2781	934.76184
2927.863	932.55524
2929.4478	919.60541
2931.0327	920.03259
2932.6177	920.3811
2934.2024	921.9259
2935.7874	923.59052
2937.3721	932.19275
2938.957	926.95715
2940.542	922.35272
2942.1267	912.49097
2943.7117	919.29108
2945.2966	930.98608
2946.8813	918.00928
2948.4663	922.41614
2950.051	920.60809
2951.636	921.92584
2953.2209	926.6626
2954.8057	916.86603
2956.3906	920.5506
2957.9753	922.86993
2959.5603	921.89471
2961.1453	921.94257
2962.73	919.04156
2964.3149	922.21521
2965.8999	924.67664
2967.4846	914.61346
2969.0696	922.91852
2970.6543	912.24274
2972.2393	930.09424
2973.8242	921.34277
2975.4089	919.09857
2976.9939	916.48541
2978.5786	918.62891
2980.1636	922.74432
2981.7485	919.5246
2983.3333	917.97437
2984.9182	918.70874
2986.5032	925.29034
2988.0879	928.89917
2989.6729	924.97534
2991.2576	919.24921
2992.8425	916.65692
2994.4275	918.28497
2996.0122	918.20038
2997.5972	919.86963
2999.1819	914.4231
3000.7668	914.22589
3002.3518	919.17993
3003.9365	921.61871
3005.5215	913.68414
3007.1064	914.25647
3008.6912	920.90411
3010.2761	910.58466
3011.8608	916.63214
3013.4458	916.44415
3015.0308	922.67389
3016.6155	932.24902
3018.2004	911.18811
3019.7852	916.74097
3021.3701	915.36804
3022.9551	918.28497
3024.5398	918.7218
3026.1248	920.65289
3027.7097	927.87195
3029.2944	918.698
3030.8794	912.97559
3032.4641	920.06952
3034.0491	916.53577
3035.634	920.51599
3037.2188	916.78601
3038.8037	910.11792
3040.3884	912.89703
3041.9734	922.52039
3043.5583	912.02618
3045.1431	916.4895
3046.728	913.67053
3048.313	925.56708
3049.8977	920.65601
3051.4827	927.70416
3053.0674	927.89282
3054.6523	924.31445
3056.2373	930.99542
3057.822	929.52618
3059.407	934.37158
3060.9917	927.16345
3062.5767	940.25854
3064.1616	938.24969
3065.7463	949.72797
3067.3313	949.67181
3068.9163	962.69788
3070.501	951.95959
3072.0859	955.02698
3073.6707	950.716
3075.2556	951.87598
3076.8406	942.39178
3078.4253	945.7785
3080.0103	928.39813
3081.595	918.86017
3083.1799	920.37537
3084.7649	916.33234
3086.3496	917.17828
3087.9346	921.45319
3089.5195	926.52087
3091.1042	922.43799
3092.6892	921.80615
3094.2739	917.9054
3095.8589	914.60736
3097.4438	907.32788
3099.0286	904.81512
3100.6135	909.66205
3102.1982	912.48944
3103.7832	903.59668
3105.3682	909.6958
3106.9529	907.93738
3108.5378	904.45172
3110.1228	902.44476
3111.7075	902.08765
3113.2925	913.65649
3114.8772	910.56702
3116.4622	904.43573
3118.0471	913.9118
3119.6318	914.26178
3121.2168	910.49963
3122.8018	904.06946
3124.3865	906.83582
3125.9714	906.69385
3127.5562	917.88165
3129.1411	917.89539
3130.7261	914.97211
3132.3108	906.75684
3133.8958	914.43542
3135.4805	911.1532
3137.0654	900.94012
3138.6504	907.12903
3140.2351	906.26196
3141.8201	911.47925
3143.405	907.05444
3144.9897	911.12933
3146.5747	906.4707
3148.1594	907.47559
3149.7444	910.07965
3151.3293	904.35333
3152.9141	912.32672
3154.499	906.76831
3156.0837	907.14404
3157.6687	912.98969
3159.2537	903.11938
3160.8384	904.04291
3162.4233	906.86591
3164.0083	900.81219
3165.593	914.00165
3167.178	909.73785
3168.7627	904.39893
3170.3477	900.29126
3171.9326	910.31281
3173.5173	898.7735
3175.1023	899.88031
3176.687	896.75537
3178.272	899.62946
3179.8569	904.30499
3181.4417	909.57477
3183.0266	904.59241
3184.6116	909.88165
3186.1963	903.70691
3187.7813	906.72571
3189.366	909.32159
3190.9509	899.97119
3192.5359	903.82092
3194.1206	899.4447
3195.7056	897.6778
3197.2903	904.16406
3198.8752	902.03143
3200.4602	895.85779
3202.0449	901.54749
3203.6299	897.23657
3205.2148	912.79468
3206.7996	903.6983
3208.3845	901.69977
3209.9692	897.95825
3211.5542	898.6972
3213.1392	901.10913
3214.7239	900.29041
3216.3088	890.63
3217.8936	904.88928
3219.4785	891.61462
3221.0635	893.08978
3222.6482	889.83014
3224.2332	901.55292
3225.8181	891.71283
3227.4028	902.65332
3228.9878	894.71747
3230.5725	900.23059
3232.1575	892.30035
3233.7424	895.09448
3235.3271	897.93433
3236.9121	902.81458
3238.4968	892.49884
3240.0818	892.94458
3241.6667	885.40704
3243.2515	889.60046
3244.8364	892.77991
3246.4214	890.98071
3248.0061	889.08771
3249.5911	888.52496
3251.1758	886.89642
3252.7607	894.61694
3254.3457	890.63831
3255.9304	897.02069
3257.5154	897.39368
3259.1001	890.98657
3260.6851	898.51947
3262.27	887.34772
3263.8547	894.71631
3265.4397	893.37372
3267.0247	890.04608
3268.6094	898.44012
3270.1943	894.99963
3271.7791	897.61743
3273.364	888.45526
3274.949	893.05182
3276.5337	889.30304
3278.1187	886.4649
3279.7034	894.70007
3281.2883	886.05151
3282.8733	892.43781
3284.458	896.05585
3286.043	888.11212
3287.6279	895.27917
3289.2126	895.58313
3290.7976	893.4234
3292.3823	887.87805
3293.9673	886.17828
3295.5522	890.08661
3297.137	895.35852
3298.7219	894.26917
3300.3066	889.41101
3301.8916	894.4223
3303.4766	890.6861
3305.0613	897.11694
3306.6462	892.7973
3308.2312	887.38031
3309.8159	894.76672
3311.4009	904.43512
3312.9856	894.74048
3314.5706	895.21246
3316.1555	891.78009
3317.7402	888.80896
3319.3252	891.25616
3320.9099	880.4563
3322.4949	884.07648
3324.0798	886.84686
3325.6646	887.60992
3327.2495	882.8313
3328.8345	885.47296
3330.4192	889.87488
3332.0042	891.48566
3333.5889	883.81641
3335.1738	890.34229
3336.7588	878.95978
3338.3435	889.11395
3339.9285	885.12982
3341.5132	879.50189
3343.0981	884.55249
3344.6831	874.96942
3346.2678	880.06201
3347.8528	889.55017
3349.4377	882.76471
3351.0225	881.93341
3352.6074	878.74921
3354.1921	879.19055
3355.7771	886.25323
3357.3621	888.54718
3358.9468	884.83313
3360.5317	885.53259
3362.1165	875.35632
3363.7014	885.41693
3365.2864	887.00677
3366.8711	882.35413
3368.4561	879.6579
3370.041	882.55048
3371.6257	877.48541
3373.2107	887.76245
3374.7954	886.01361
3376.3804	881.86853
3377.9653	880.94891
3379.55	874.65717
3381.135	871.91809
3382.7197	884.91614
3384.3047	878.15448
3385.8896	882.01929
3387.4744	885.8385
3389.0593	880.44641
3390.6443	880.67401
3392.229	881.21777
3393.814	878.82886
3395.3987	872.86407
3396.9836	877.28467
3398.5686	872.20026
3400.1533	880.75757
3401.7383	877.85815
3403.323	877.81958
3404.908	875.62592
3406.4929	885.62469
3408.0776	870.203
3409.6626	868.75708
3411.2476	878.47717
3412.8323	874.47589
3414.4172	870.55261
3416.002	875.51202
3417.5869	872.51099
3419.1719	870.16754
3420.7566	871.04779
3422.3416	867.93567
3423.9263	866.40039
3425.5112	874.61719
3427.0962	873.35706
3428.6809	875.01831
3430.2659	872.49481
3431.8508	873.87146
3433.4355	869.14563
3435.0205	871.85571
3436.6052	872.54352
3438.1902	879.95349
3439.7751	869.71893
3441.3599	863.74933
3442.9448	860.66473
3444.5295	861.75067
3446.1145	865.7168
3447.6995	866.43475
3449.2842	862.4917
3450.8691	870.4856
3452.4541	874.00177
3454.0388	871.27411
3455.6238	858.66968
3457.2085	870.59937
3458.7935	877.16937
3460.3784	864.13226
3461.9631	861.71082
3463.5481	872.07886
3465.1328	870.18121
3466.7178	865.71234
3468.3027	866.24353
3469.8875	866.97723
3471.4724	868.42938
3473.0574	867.64319
3474.6421	863.6532
3476.2271	874.66754
3477.8118	864.83026
3479.3967	860.19885
3480.9817	877.30212
3482.5664	860.83661
3484.1514	857.81592
3485.7361	868.78693
3487.321	855.75482
3488.906	863.99414
3490.4907	863.25079
3492.0757	859.15289
3493.6606	862.46484
3495.2454	858.92096
3496.8303	867.29138
3498.415	869.90833
3500	864.73151
