400	981.0899
401.58487	987.95337
403.16974	992.40369
404.75461	985.82019
406.33948	985.40033
407.92435	986.52057
409.50922	985.29224
411.09406	981.34662
412.67892	983.74103
414.26379	976.4892
415.84866	971.34021
417.43353	972.85822
419.0184	976.15497
420.60327	981.56976
422.18814	983.81158
423.77301	983.20636
425.35788	979.09381
426.94275	972.95239
428.52762	978.1969
430.11249	983.98651
431.69733	981.43945
433.2822	977.91559
434.86707	980.31586
436.45193	974.53046
438.0368	989.50293
439.62167	984.36383
441.20654	982.82123
442.79141	978.36334
444.37628	979.37531
445.96115	991.46552
447.54602	998.83209
449.13089	983.81732
450.71576	978.33795
452.30063	978.85199
453.88547	988.16199
455.47034	984.23492
457.05521	973.47168
458.64008	974.6626
460.22495	986.56219
461.80981	986.83118
463.39468	972.34784
464.97955	976.5036
466.56442	983.539
468.14929	979.80762
469.73416	981.17694
471.31903	989.85608
472.9039	984.06958
474.48874	979.96033
476.07361	988.16925
477.65848	990.21484
479.24335	994.01538
480.82822	987.13458
482.41309	985.16962
483.99796	994.14954
485.58282	989.45026
487.16769	989.28528
488.75256	985.24493
490.33743	981.82629
491.9223	975.7146
493.50717	989.28333
495.09201	994.03174
496.67688	982.55328
498.26175	979.90417
499.84662	988.61542
501.43149	989.85944
503.01636	986.13373
504.60123	973.7655
506.1861	968.65662
507.77097	985.85754
509.35583	985.74274
510.9407	986.19208
512.52557	995.3158
514.11041	990.13794
515.69531	984.24158
517.28015	986.3905
518.86505	988.83258
520.44989	986.82874
522.03479	1000.4929
523.61963	989.14441
525.20453	989.61438
526.78937	992.08459
528.37421	979.00903
529.95911	982.4267
531.54395	988.21533
533.12885	984.20825
534.71368	997.14703
536.29858	987.78479
537.88342	973.2406
539.46832	988.35254
541.05316	983.1347
542.63806	980.44775
544.2229	994.17511
545.8078	996.16888
547.39264	979.35358
548.97748	969.2345
550.56238	980.99341
552.14722	991.67523
553.73212	993.54254
555.31696	988.16119
556.90186	989.39587
558.48669	977.76636
560.07159	977.44464
561.65643	973.69336
563.24133	976.78845
564.82617	981.69794
566.41107	982.95105
567.99591	985.75018
569.58075	976.66614
571.16565	984.55695
572.75049	988.57031
574.33539	994.44647
575.92023	988.83636
577.50513	989.49066
579.08997	987.63025
580.67487	980.97705
582.2597	983.21613
583.8446	979.78967
585.42944	978.21027
587.01434	983.92828
588.59918	990.51422
590.18402	981.04742
591.76892	983.84534
593.35376	987.70374
594.93866	975.83264
596.5235	985.65527
598.1084	991.24615
599.69324	987.30359
601.27814	983.3031
602.86298	985.75403
604.44788	991.18073
606.03271	983.53253
607.61761	991.28174
609.20245	987.57349
610.78729	975.90729
612.37219	981.04919
613.95703	981.98041
615.54193	988.74811
617.12677	992.37604
618.71167	986.96832
620.29651	978.49518
621.88141	984.26074
623.46625	993.11627
625.05115	984.04053
626.63599	976.81409
628.22089	984.33856
629.80573	982.57452
631.39056	984.70178
632.97546	983.50568
634.5603	984.28735
636.1452	977.15015
637.73004	983.01605
639.31494	983.87811
640.89978	978.64709
642.48468	983.28351
644.06952	992.99707
645.65442	988.96588
647.23926	983.51282
648.82416	988.99548
650.409	985.91064
651.99384	974.5791
653.57874	973.62726
655.16357	981.75989
656.74847	984.0061
658.33331	978.27948
659.91821	985.70435
661.50305	983.00854
663.08795	982.94531
664.67279	989.30963
666.25769	984.93945
667.84253	985.61255
669.42743	993.55524
671.01227	986.31348
672.59711	980.18341
674.18201	973.98547
675.76685	984.88177
677.35175	983.99963
678.93658	981.88531
680.52148	986.50696
682.10632	981.30975
683.69122	980.9657
685.27606	992.32092
686.86096	975.15002
688.4458	979.31561
690.0307	976.35284
691.61554	977.10706
693.20044	983.90765
694.78528	985.64703
696.37012	984.54291
697.95502	977.34521
699.53986	967.10645
701.12476	971.48071
702.70959	978.79016
704.29449	980.55774
705.87933	989.84064
707.46423	991.46094
709.04907	983.88922
710.63397	984.28925
712.21881	986.57867
713.80371	983.74805
715.38855	978.49841
716.97339	987.67084
718.55829	975.26685
720.14313	973.65271
721.72803	982.54803
723.31287	984.48718
724.89777	981.92462
726.4826	969.77557
728.0675	971.83026
729.65234	982.45355
731.23724	984.67975
732.82208	979.80011
734.40698	980.33478
735.99182	973.11938
737.57666	977.98206
739.16156	984.41766
740.7464	985.05768
742.3313	983.48541
743.91614	975.09814
745.50104	974.88098
747.08588	977.53387
748.67078	979.83575
750.25562	984.00208
751.84052	984.25146
753.42535	985.65234
755.01025	984.29663
756.59509	978.43176
758.17993	980.05969
759.76483	982.54657
761.34967	980.00714
762.93457	980.42426
764.51941	975.80927
766.10431	973.11755
767.68915	971.11157
769.27405	985.99969
770.85889	996.15912
772.44379	992.72876
774.02863	983.40601
775.61353	981.95239
777.19836	988.15497
778.7832	992.00507
780.3681	991.51764
781.95294	986.51111
783.53784	991.17401
785.12268	987.58435
786.70758	996.81006
788.29242	995.09991
789.87732	988.50085
791.46216	990.66351
793.04706	994.44745
794.6319	979.28973
796.2168	983.37225
797.80164	985.9754
799.38647	1001.8422
800.97137	1001.7687
802.55621	993.81055
804.14111	990.47217
805.72595	991.94861
807.31085	996.37061
808.89569	989.41284
810.48059	989.60773
812.06543	986.62201
813.65033	988.07806
815.23517	983.17871
816.82007	979.97278
818.40491	988.95001
819.98975	988.51929
821.57465	993.73224
823.15948	977.00806
824.74438	977.64215
826.32922	981.29034
827.91412	980.49609
829.49896	988.72754
831.08386	986.49548
832.6687	989.815
834.2536	985.2348
835.83844	990.44556
837.42334	988.55957
839.00818	985.35883
840.59302	981.09125
842.17792	987.79602
843.76276	983.46161
845.34766	986.96851
846.9325	998.28302
848.5174	987.64557
850.10223	979.10944
851.68713	991.05664
853.27197	989.70111
854.85687	996.18817
856.44171	986.10425
858.02661	986.31146
859.61145	992.52753
861.19629	994.97656
862.78119	996.57751
864.36603	980.41144
865.95093	983.8031
867.53577	996.14795
869.12067	990.04065
870.70551	978.79028
872.29041	987.20856
873.87524	995.84192
875.46014	992.01459
877.04498	990.27832
878.62988	986.13159
880.21472	991.13147
881.79956	993.56073
883.38446	994.41388
884.9693	985.33716
886.5542	992.55597
888.13904	992.81055
889.72394	991.41925
891.30878	993.73413
892.89368	998.74219
894.47852	991.1062
896.06342	992.52557
897.64825	988.52472
899.23315	996.64722
900.81799	1004.5607
902.40289	983.71191
903.98773	984.72119
905.57257	995.83606
907.15747	997.44025
908.74231	1005.1987
910.32721	994.01678
911.91205	991.24048
913.49695	990.61377
915.08179	998.93616
916.66669	1000.316
918.25153	988.51489
919.83643	988.0946
921.42126	993.59265
923.00616	995.36475
924.591	1001.3192
926.17584	1003.1451
927.76074	987.27655
929.34558	993.49158
930.93048	990.38892
932.51532	990.50018
934.10022	988.25549
935.68506	986.27448
937.26996	1000.2736
938.8548	999.03522
940.4397	986.46069
942.02454	997.52655
943.60944	999.59485
945.19427	1000.749
946.77911	1001.9466
948.36401	992.69806
949.94885	998.93286
951.53375	1001.5864
953.11859	1001.0551
954.70349	1002.059
956.28833	994.11694
957.87323	1005.4666
959.45807	998.49414
961.04297	999.30231
962.62781	1009.7832
964.21271	1004.6102
965.79755	1006.9979
967.38239	1009.6221
968.96729	1002.2352
970.55212	1009.6293
972.13702	1012.6548
973.72186	1014.1752
975.30676	1014.4796
976.8916	1018.215
978.4765	1020.1858
980.06134	1010.7384
981.64624	1022.5141
983.23108	1014.9785
984.81598	1023.0065
986.40082	1014.4667
987.98566	1018.9579
989.57056	1022.421
991.1554	1017.7183
992.7403	1025.1743
994.32513	1024.4246
995.91003	1024.8859
997.49487	1036.0697
999.07977	1028.7522
1000.6646	1024.1219
1002.2495	1020.4004
1003.8344	1023.3205
1005.4193	1020.181
1007.0041	1021.1022
1008.5889	1028.8451
1010.1738	1024.0833
1011.7587	1013.2894
1013.3436	1015.0132
1014.9284	1022.716
1016.5133	1017.6928
1018.0981	1016.9647
1019.683	1021.2324
1021.2679	1020.9177
1022.8528	1025.7909
1024.4376	1017.2471
1026.0225	1018.6529
1027.6074	1018.1813
1029.1923	1016.4595
1030.7771	1027.4144
1032.3619	1033.0676
1033.9468	1023.0824
1035.5317	1009.8694
1037.1166	1015.5125
1038.7014	1013.8019
1040.2863	1027.917
1041.8712	1021.8958
1043.4561	1022.8024
1045.0409	1034.1218
1046.6257	1028.2783
1048.2107	1019.9468
1049.7955	1025.2349
1051.3804	1020.7034
1052.9652	1018.2791
1054.55	1021.4348
1056.135	1015.1398
1057.7198	1015.8781
1059.3047	1015.9495
1060.8895	1015.6769
1062.4745	1016.4865
1064.0593	1019.544
1065.6442	1021.8154
1067.229	1029.4478
1068.814	1026.3326
1070.3988	1025.8583
1071.9836	1015.8047
1073.5685	1019.2798
1075.1533	1020.0927
1076.7383	1006.9793
1078.3231	1028.6177
1079.908	1015.2216
1081.4928	1007.2678
1083.0778	1009.8876
1084.6626	1014.7981
1086.2474	1016.6228
1087.8323	1024.6422
1089.4172	1010.026
1091.0021	1005.777
1092.5869	1000.913
1094.1718	1015.5336
1095.7566	998.81897
1097.3416	1002.3781
1098.9264	1002.3891
1100.5112	1009.608
1102.0961	1010.1938
1103.681	1004.7903
1105.2659	1011.3181
1106.8507	1005.7781
1108.4355	1009.8925
1110.0205	1010.216
1111.6053	1012.8909
1113.1902	1027.5543
1114.775	1075.9255
1116.3599	1120.5194
1117.9448	1174.1267
1119.5297	1215.2284
1121.1145	1177.9126
1122.6993	1125.9305
1124.2843	1070.6169
1125.8691	1031.1226
1127.454	1016.7026
1129.0388	1006.8073
1130.6238	1011.7269
1132.2086	1002.5342
1133.7935	1001.5794
1135.3783	996.96375
1136.9631	994.58252
1138.5481	1011.6596
1140.1329	1003.4233
1141.7178	996.08722
1143.3026	1004.1302
1144.8876	1000.5531
1146.4724	997.4469
1148.0573	997.57953
1149.6421	1002.8019
1151.2271	1000.0609
1152.8119	1005.8734
1154.3967	1007.3973
1155.9816	1006.8094
1157.5664	1003.012
1159.1514	1005.6313
1160.7362	994.49146
1162.321	1002.8105
1163.9059	1005.9963
1165.4908	1004.1857
1167.0757	1016.8746
1168.6605	1016.1188
1170.2454	996.90649
1171.8303	1001.3221
1173.4152	1004.3461
1175	997.90356
1176.5848	1005.5883
1178.1697	1002.8422
1179.7546	1008.7697
1181.3395	1010.118
1182.9243	1007.1394
1184.5092	1011.4528
1186.0941	1000.6524
1187.679	998.01501
1189.2638	996.83966
1190.8486	1009.1047
1192.4336	1005.3264
1194.0184	1013.9078
1195.6033	1007.9756
1197.1881	1001.3039
1198.7729	1011.0185
1200.3579	1013.5651
1201.9427	1006.4706
1203.5276	999.81982
1205.1124	1002.3308
1206.6974	1008.1573
1208.2822	1009.6594
1209.8671	1003.6221
1211.4519	997.14508
1213.0369	1005.0108
1214.6217	998.09033
1216.2065	1012.0572
1217.7914	1015.0681
1219.3762	1002.2493
1220.9612	1008.8597
1222.546	1004.4393
1224.1309	1003.7939
1225.7157	1006.5475
1227.3007	1010.8458
1228.8855	1010.678
1230.4703	999.51898
1232.0552	996.95453
1233.6401	995.54053
1235.225	1003.6351
1236.8098	1004.615
1238.3947	1009.4802
1239.9795	1010.5446
1241.5645	999.61804
1243.1493	1000.8
1244.7341	988.49243
1246.319	1005.0614
1247.9039	1020.7073
1249.4888	1016.3262
1251.0736	1015.7461
1252.6584	1006.645
1254.2434	994.80273
1255.8282	1004.0283
1257.4131	994.13959
1258.9979	1016.8973
1260.5828	1014.5622
1262.1677	1006.868
1263.7526	1004.233
1265.3374	1004.2888
1266.9222	1002.4852
1268.5072	1004.0051
1270.092	1013.8187
1271.6769	1011.1857
1273.2617	1009.343
1274.8467	1010.3642
1276.4315	1011.1064
1278.0164	1013.7623
1279.6012	1013.4492
1281.186	1005.6445
1282.771	1004.1905
1284.3558	1005.7057
1285.9407	1014.2653
1287.5255	1007.8397
1289.1105	1001.5312
1290.6953	1008.1116
1292.2802	1004.3015
1293.865	992.48798
1295.45	1006.3322
1297.0348	1009.7784
1298.6196	1013.3756
1300.2045	1018.0748
1301.7893	1012.8071
1303.3743	1014.3204
1304.9591	1004.2362
1306.5439	1015.3009
1308.1288	1012.0905
1309.7137	1011.4196
1311.2986	1018.621
1312.8834	1011.7134
1314.4683	1017.9895
1316.0532	1013.2953
1317.6381	1007.9027
1319.2229	1021.1896
1320.8077	1012.4664
1322.3926	1010.9917
1323.9775	1019.5356
1325.5624	1019.2631
1327.1472	1016.0716
1328.7321	1011.1284
1330.317	1006.1191
1331.9019	1011.7302
1333.4867	1009.3842
1335.0715	1012.1025
1336.6565	1015.9422
1338.2413	1014.0909
1339.8262	1023.1439
1341.411	1014.5914
1342.9958	1019.3218
1344.5808	1023.7845
1346.1656	1001.8147
1347.7505	1000.649
1349.3353	1003.9834
1350.9203	1004.4859
1352.5051	1003.66
1354.09	1015.1582
1355.6748	1014.7903
1357.2598	1014.3721
1358.8446	1017.4207
1360.4294	1014.2924
1362.0143	995.46265
1363.5991	1019.5966
1365.1841	1013.7496
1366.7689	1023.3229
1368.3538	1532.0867
1369.9386	1971.2233
1371.5236	1612.462
1373.1084	1039.7906
1374.6932	1014.9305
1376.2781	997.87225
1377.863	1010.7084
1379.4479	1016.3413
1381.0327	1018.3578
1382.6176	1014.2028
1384.2025	1019.0693
1385.7874	1014.1117
1387.3722	1014.8319
1388.957	1015.4077
1390.5419	1008.1983
1392.1268	1013.9922
1393.7117	1013.3694
1395.2965	1008.349
1396.8813	1009.4094
1398.4663	1007.9203
1400.0511	1007.6683
1401.636	1015.647
1403.2208	1019.5207
1404.8058	1014.3521
1406.3906	1008.929
1407.9755	1003.5393
1409.5603	1008.8802
1411.1451	1013.7454
1412.7301	1001.2021
1414.3149	1015.4035
1415.8998	1014.706
1417.4846	1008.0369
1419.0696	1007.7538
1420.6544	996.74738
1422.2393	1006.6188
1423.8241	1026.3171
1425.4091	1014.8334
1426.9939	1021.5291
1428.5787	1007.6108
1430.1636	1007.1943
1431.7484	1006.9473
1433.3334	1015.5534
1434.9182	1002.1893
1436.5031	1003.1757
1438.0879	1007.5272
1439.6729	1011.2694
1441.2577	1009.7705
1442.8425	1761.4816
1444.4274	1491.4965
1446.0123	1005.2544
1447.5972	1016.1816
1449.182	1007.9083
1450.7668	1004.1869
1452.3517	1003.7953
1453.9366	1007.5527
1455.5215	1009.9777
1457.1063	1006.7203
1458.6912	1014.2421
1460.2761	1001.6844
1461.861	1009.754
1463.4458	1012.0011
1465.0306	1017.1219
1466.6156	1005.6599
1468.2004	1007.3304
1469.7853	1005.3356
1471.3701	1008.2595
1472.955	1014.8181
1474.5399	1015.6411
1476.1248	1005.546
1477.7096	1011.2856
1479.2944	1004.221
1480.8794	1005.3345
1482.4642	1008.3275
1484.0491	1007.8673
1485.6339	1019.1141
1487.2189	1021.143
1488.8037	1015.0648
1490.3885	1014.6334
1491.9734	1012.3313
1493.5582	1002.4055
1495.1432	1005.1915
1496.728	1010.9046
1498.3129	1015.6971
1499.8977	1014.5198
1501.4827	1010.0219
1503.0675	1003.0059
1504.6523	1008.7813
1506.2372	1020.0656
1507.8221	997.25354
1509.407	1007.1274
1510.9918	1016.3157
1512.5767	1019.2397
1514.1615	1010.2003
1515.7465	1008.288
1517.3313	996.34064
1518.9161	1007.3472
1520.501	1011.0757
1522.0859	1014.2817
1523.6708	1015.5964
1525.2556	1017.8032
1526.8405	1008.9374
1528.4254	1006.8701
1530.0103	1007.4422
1531.5951	1009.9765
1533.1799	1011.4828
1534.7648	1011.2186
1536.3497	1012.3821
1537.9346	1020.0999
1539.5194	1019.9867
1541.1042	1015.5809
1542.6892	1012.0243
1544.274	1016.2745
1545.8589	1013.1369
1547.4437	1015.893
1549.0287	1013.03
1550.6135	1002.6295
1552.1984	1003.6501
1553.7832	1006.9741
1555.368	1016.2155
1556.953	1018.8323
1558.5378	1006.8929
1560.1227	1012.2563
1561.7075	1015.6855
1563.2925	1030.0996
1564.8773	1018.7202
1566.4622	1028.261
1568.047	1028.4144
1569.632	1024.052
1571.2168	1017.7407
1572.8016	1013.0332
1574.3865	1011.4719
1575.9713	1016.4168
1577.5563	1021.3043
1579.1411	1014.6075
1580.726	1013.7422
1582.3108	1007.108
1583.8958	1004.7291
1585.4806	1023.1271
1587.0654	1022.7753
1588.6503	1020.2907
1590.2352	1028.6202
1591.8201	1028.895
1593.4049	1016.5639
1594.9897	1012.4887
1596.5746	1009.6413
1598.1595	1021.295
1599.7444	1021.7568
1601.3292	1020.1669
1602.9141	1011.0799
1604.499	1020.1802
1606.0839	1021.1851
1607.6687	1020.6077
1609.2535	1015.6039
1610.8385	1023.3017
1612.4233	1014.7163
1614.0082	1018.8333
1615.593	1020.261
1617.1779	1016.0154
1618.7628	1019.2798
1620.3477	1018.2706
1621.9325	1013.6343
1623.5173	1015.5711
1625.1023	1017.6896
1626.6871	1019.9531
1628.272	1142.1542
1629.8568	1199.0854
1631.4418	1064.085
1633.0266	1024.683
1634.6115	1024.5742
1636.1963	1015.3538
1637.7811	1023.2479
1639.3661	1018.6574
1640.9509	1014.428
1642.5358	1017.2409
1644.1206	1019.101
1645.7056	1024.6628
1647.2904	1018.7043
1648.8752	1027.4131
1650.4601	1013.9744
1652.045	1017.2925
1653.6299	1021.7511
1655.2147	1010.9473
1656.7996	1011.498
1658.3844	1016.217
1659.9694	1011.9323
1661.5542	1021.2322
1663.139	1025.2424
1664.7239	1020.2438
1666.3088	1010.6675
1667.8937	1016.3524
1669.4785	1012.7302
1671.0634	1022.3361
1672.6483	1031.7821
1674.2332	1017.7675
1675.818	1015.833
1677.4028	1026.0197
1678.9877	1020.5725
1680.5726	1026.1862
1682.1575	1015.7535
1683.7423	1016.6337
1685.3271	1003.3992
1686.9121	1018.24
1688.4969	1021.3067
1690.0818	1019.3414
1691.6666	1019.8389
1693.2516	1018.0939
1694.8364	1025.7814
1696.4213	1009.6776
1698.0061	1005.9337
1699.5909	1022.0296
1701.1759	1024.3282
1702.7607	1023.2429
1704.3456	1023.2774
1705.9304	1020.2714
1707.5154	1018.1188
1709.1002	1022.501
1710.6851	1019.5027
1712.2699	1024.1545
1713.8549	1019.7484
1715.4397	1008.5856
1717.0245	1011.0644
1718.6094	1011.1914
1720.1942	1018.0892
1721.7792	1026.1635
1723.364	1020.4434
1724.9489	1027.1473
1726.5337	1018.8984
1728.1187	1016.1094
1729.7035	1018.8186
1731.2883	1020.1182
1732.8732	1018.3064
1734.4581	1024.7153
1736.043	1022.9636
1737.6278	1020.1968
1739.2126	1010.0204
1740.7975	1013.8393
1742.3824	1016.0511
1743.9673	1014.7407
1745.5521	1023.0999
1747.137	1015.727
1748.7219	1028.4348
1750.3068	1023.3433
1751.8916	1028.6377
1753.4764	1032.0856
1755.0614	1034.1116
1756.6462	1032.4481
1758.2311	1024.2501
1759.8159	1026.9203
1761.4009	1028.6289
1762.9857	1023.5735
1764.5706	1034.5034
1766.1554	1030.0968
1767.7402	1030.3218
1769.3252	1020.286
1770.91	1029.1627
1772.4949	1025.9431
1774.0797	1030.0002
1775.6647	1031.4478
1777.2495	1023.9748
1778.8344	1032.0524
1780.4192	1041.371
1782.0042	1031.1112
1783.589	1035.5323
1785.1738	1032.5253
1786.7587	1025.9982
1788.3435	1032.9194
1789.9285	1030.3018
1791.5133	1028.4906
1793.0981	1033.3564
1794.683	1027.7264
1796.2679	1025.6807
1797.8528	1032.4589
1799.4376	1035.7855
1801.0225	1032.7533
1802.6074	1038.8246
1804.1923	1035.9871
1805.7771	1027.6969
1807.3619	1031.6804
1808.9468	1028.8123
1810.5317	1032.1302
1812.1166	1027.9607
1813.7014	1029.9712
1815.2863	1024.5731
1816.8712	1022.2664
1818.4561	1020.6257
1820.0409	1021.1235
1821.6257	1026.3351
1823.2107	1028.2831
1824.7955	1038.0759
1826.3804	1033.6931
1827.9652	1029.2219
1829.55	1031.7981
1831.135	1028.3682
1832.7198	1031.9861
1834.3047	1031.3586
1835.8895	1033.2677
1837.4745	1025.2172
1839.0593	1030.0665
1840.6442	1024.4358
1842.229	1022.399
1843.814	1020.4683
1845.3988	1027.8376
1846.9836	1033.96
1848.5685	1026.6636
1850.1533	1030.9557
1851.7383	1029.6777
1853.3231	1029.7809
1854.908	1023.1404
1856.4928	1023.2919
1858.0778	1028.6478
1859.6626	1024.2395
1861.2474	1027.463
1862.8323	1036.8505
1864.4172	1036.4764
1866.0021	1032.2427
1867.5869	1037.3159
1869.1718	1030.7167
1870.7566	1020.6787
1872.3416	1030.8547
1873.9264	1065.7502
1875.5112	1434.679
1877.0961	1339.8501
1878.681	1225.6912
1880.2659	1060.9564
1881.8507	1031.1279
1883.4355	1033.136
1885.0205	1037.9207
1886.6053	1039.472
1888.1902	1032.2183
1889.775	1024.472
1891.3599	1032.4041
1892.9448	1043.0376
1894.5297	1036.9099
1896.1145	1026.1998
1897.6993	1031.2681
1899.2843	1029.4225
1900.8691	1024.3755
1902.454	1031.6782
1904.0388	1040.355
1905.6238	1029.4603
1907.2086	1034.4119
1908.7935	1036.0917
1910.3783	1035.421
1911.9631	1025.6813
1913.5481	1036.131
1915.1329	1030.1549
1916.7178	1030.1969
1918.3026	1023.462
1919.8876	1023.7784
1921.4724	1029.3618
1923.0573	1041.1908
1924.6421	1045.1104
1926.2271	1027.0588
1927.8119	1021.9959
1929.3967	1030.1589
1930.9816	1037.1685
1932.5664	1036.7106
1934.1514	1030.3348
1935.7362	1032.6361
1937.321	1029.7584
1938.9059	1037.3707
1940.4908	1029.6226
1942.0757	1021.9684
1943.6605	1031.5106
1945.2454	1039.4025
1946.8303	1045.7373
1948.4152	1042.8677
1950	1030.7449
1951.5848	1027.5493
1953.1697	1033.3505
1954.7546	1036.7742
1956.3395	1033.1505
1957.9243	1038.2703
1959.5092	1032.4973
1961.0941	1036.2776
1962.679	1029.1427
1964.2638	1033.3761
1965.8486	1034.3131
1967.4336	1040.0963
1969.0184	1047.5725
1970.6033	1030.087
1972.1881	1037.5885
1973.7729	1046.4501
1975.3579	1038.0863
1976.9427	1030.8622
1978.5276	1034.192
1980.1124	1037.0159
1981.6974	1034.6053
1983.2822	1039.8256
1984.8671	1025.8035
1986.4519	1023.0506
1988.0369	1033.7399
1989.6217	1034.3882
1991.2065	1030.3593
1992.7914	1021.22
1994.3762	1031.9052
1995.9612	1031.7496
1997.546	1041.5756
1999.1309	1027.5546
2000.7157	1019.049
2002.3007	1023.2012
2003.8855	1027.3231
2005.4703	1034.3558
2007.0552	1039.6132
2008.6401	1021.05
2010.225	1027.4701
2011.8098	1022.8016
2013.3947	1025.12
2014.9795	1025.7596
2016.5645	1020.5709
2018.1493	1027.1849
2019.7341	1048.6777
2021.319	1041.787
2022.9039	1024.2603
2024.4888	1025.5983
2026.0736	1027.6141
2027.6584	1029.0302
2029.2434	1024.9282
2030.8282	1027.9829
2032.4131	1021.2132
2033.9979	1028.6625
2035.5828	1027.7775
2037.1677	1020.8892
2038.7526	1040.7916
2040.3374	1039.1105
2041.9222	1038.1505
2043.5072	1040.2314
2045.092	1030.5077
2046.6769	1030.8185
2048.2617	1033.9689
2049.8467	1029.4861
2051.4314	1029.8387
2053.0164	1026.5625
2054.6013	1034.2684
2056.186	1029.8276
2057.771	1025.4869
2059.3557	1020.0912
2060.9407	1036.9199
2062.5256	1038.1514
2064.1104	1019.8069
2065.6953	1035.3326
2067.2803	1042.0972
2068.865	1024.7253
2070.45	1026.1444
2072.0347	1040.9073
2073.6196	1044.0414
2075.2046	1031.8182
2076.7893	1037.0911
2078.3743	1039.9257
2079.959	1036.217
2081.5439	1030.7914
2083.1289	1040.1138
2084.7136	1037.55
2086.2986	1042.2491
2087.8835	1036.8835
2089.4683	1033.0452
2091.0532	1035.4635
2092.6379	1042.381
2094.2229	1049.6479
2095.8079	1058.6533
2097.3926	1056.7764
2098.9775	1055.0609
2100.5623	1050.882
2102.1472	1041.6447
2103.7322	1034.4868
2105.3169	1035.166
2106.9019	1030.4249
2108.4868	1031.1643
2110.0715	1037.3153
2111.6565	1041.2605
2113.2412	1043.8726
2114.8262	1032.632
2116.4111	1040.3713
2117.9958	1035.5199
2119.5808	1038.78
2121.1655	1045.7483
2122.7505	1033.536
2124.3354	1040.0413
2125.9202	1033.7174
2127.5051	1028.641
2129.0901	1025.6486
2130.6748	1032.2961
2132.2598	1030.2424
2133.8445	1026.452
2135.4294	1031.0724
2137.0144	1038.8237
2138.5991	1039.2692
2140.1841	1023.9529
2141.7688	1028.9072
2143.3538	1037.6476
2144.9387	1042.7793
2146.5234	1039.6716
2148.1084	1032.7596
2149.6934	1036.5935
2151.2781	1028.1776
2152.863	1038.8646
2154.4478	1043.9247
2156.0327	1040.7103
2157.6177	1047.8788
2159.2024	1050.4016
2160.7874	1057.1653
2162.3721	1052.2233
2163.957	1045.1855
2165.542	1033.1013
2167.1267	1021.8358
2168.7117	1030.2266
2170.2966	1029.0173
2171.8813	1030.5892
2173.4663	1026.3829
2175.051	1039.4932
2176.636	1034.6067
2178.2209	1025.964
2179.8057	1016.511
2181.3906	1029.3945
2182.9753	1045.9728
2184.5603	1041.4845
2186.1453	1031.8479
2187.73	1023.8289
2189.3149	1038.6405
2190.8999	1031.4585
2192.4846	1033.8439
2194.0696	1035.2083
2195.6543	1026.2604
2197.2393	1036.063
2198.8242	1042.3475
2200.4089	1032.8142
2201.9939	1036.1481
2203.5786	1025.2307
2205.1636	1032.5211
2206.7485	1038.4603
2208.3333	1032.9126
2209.9182	1034.9583
2211.5032	1030.168
2213.0879	1030.0204
2214.6729	1031.0679
2216.2576	1036.1526
2217.8425	1033.8955
2219.4275	1026.6569
2221.0122	1028.598
2222.5972	1035.2467
2224.1819	1028.4784
2225.7668	1042.1742
2227.3518	1024.0293
2228.9365	1021.9466
2230.5215	1039.1522
2232.1064	1023.1219
2233.6912	1037.4462
2235.2761	1044.6125
2236.8608	1037.4719
2238.4458	1031.901
2240.0308	1024.3545
2241.6155	1020.8856
2243.2004	1033.8845
2244.7852	1026.1516
2246.3701	1034.5806
2247.9551	1030.928
2249.5398	1032.8156
2251.1248	1037.0485
2252.7097	1031.6404
2254.2944	1033.6119
2255.8794	1033.7515
2257.4641	1032.2517
2259.0491	1040.2532
2260.634	1033.2174
2262.2188	1034.8044
2263.8037	1033.8763
2265.3884	1033.1996
2266.9734	1041.2672
2268.5583	1031.4362
2270.1431	1028.8307
2271.728	1040.6007
2273.313	1039.5905
2274.8977	1028.6726
2276.4827	1033.743
2278.0674	1027.0043
2279.6523	1036.2001
2281.2373	1027.5057
2282.822	1025.4987
2284.407	1037.3312
2285.9917	1035.9667
2287.5767	1036.3547
2289.1616	1040.7523
2290.7463	1030.015
2292.3313	1032.2843
2293.9163	1024.1736
2295.501	1037.473
2297.0859	1030.7485
2298.6707	1035.7919
2300.2556	1030.5394
2301.8406	1030.7836
2303.4253	1035.8005
2305.0103	1034.025
2306.595	1020.4841
2308.1799	1030.0907
2309.7649	1024.3795
2311.3496	1030.9071
2312.9346	1034.9116
2314.5195	1030.9847
2316.1042	1032.3346
2317.6892	1034.4153
2319.2739	1035.4939
2320.8589	1037.2976
2322.4438	1033.027
2324.0286	1032.8853
2325.6135	1022.0316
2327.1982	1035.8369
2328.7832	1030.9404
2330.3682	1041.0344
2331.9529	1032.9065
2333.5378	1033.953
2335.1228	1029.4923
2336.7075	1020.0862
2338.2925	1029.9557
2339.8772	1037.4572
2341.4622	1023.0797
2343.0471	1038.8723
2344.6318	1043.2104
2346.2168	1044.918
2347.8018	1045.3372
2349.3865	1033.1521
2350.9714	1030.6448
2352.5562	1030.8407
2354.1411	1038.6772
2355.7261	1029.6632
2357.3108	1029.7141
2358.8958	1029.4521
2360.4805	1037.974
2362.0654	1028.2639
2363.6504	1030.3416
2365.2351	1039.5486
2366.8201	1033.3469
2368.405	1032.0154
2369.9897	1028.1799
2371.5747	1027.6584
2373.1594	1032.4116
2374.7444	1031.0261
2376.3293	1027.7743
2377.9141	1027.4277
2379.499	1016.5817
2381.0837	1029.9697
2382.6687	1027.7504
2384.2537	1025.3455
2385.8384	1026.1958
2387.4233	1040.8617
2389.0083	1031.9597
2390.593	1016.9868
2392.178	1020.2856
2393.7627	1029.1665
2395.3477	1036.6324
2396.9326	1029.4949
2398.5173	1029.879
2400.1023	1036.718
2401.687	1020.5117
2403.272	1031.1036
2404.8569	1023.0599
2406.4417	1033.7329
2408.0266	1038.0416
2409.6116	1028.9397
2411.1963	1026.835
2412.7813	1026.4979
2414.366	1022.1293
2415.9509	1042.2838
2417.5359	1028.3738
2419.1206	1022.1705
2420.7056	1028.9246
2422.2903	1021.561
2423.8752	1031.6046
2425.4602	1032.3087
2427.0449	1032.5238
2428.6299	1020.64
2430.2148	1011.7606
2431.7996	1011.5931
2433.3845	1017.3471
2434.9692	1021.6971
2436.5542	1030.8998
2438.1392	1021.4007
2439.7239	1010.3897
2441.3088	1016.036
2442.8936	1023.9056
2444.4785	1024.7153
2446.0635	1025.5013
2447.6482	1024.1616
2449.2332	1028.7871
2450.8181	1007.9337
2452.4028	1028.6675
2453.9878	1019.0712
2455.5725	1024.0247
2457.1575	1029.9164
2458.7424	1018.7929
2460.3271	1019.8607
2461.9121	1028.1011
2463.4968	1008.191
2465.0818	1012.7242
2466.6667	1015.957
2468.2515	1015.2312
2469.8364	1016.5825
2471.4214	1016.0666
2473.0061	1027.3014
2474.5911	1018.8226
2476.1758	1024.7676
2477.7607	1021.2236
2479.3457	1018.6593
2480.9304	1019.6481
2482.5154	1016.6266
2484.1001	1024.4266
2485.6851	1040.5161
2487.27	1019.6159
2488.8547	1017.1577
2490.4397	1032.4576
2492.0247	1015.6099
2493.6094	1022.7829
2495.1943	1021.2566
2496.7791	1012.4711
2498.364	1021.1696
2499.949	1023.2641
2501.5337	1016.5927
2503.1187	1008.6517
2504.7034	1020.0651
2506.2883	1017.153
2507.8733	1001.2338
2509.458	1019.7804
2511.043	1025.6122
2512.6279	1021.084
2514.2126	1029.074
2515.7976	1021.8588
2517.3823	1025.9186
2518.9673	1015.132
2520.5522	1016.8998
2522.137	1020.9763
2523.7219	1014.068
2525.3066	1014.8172
2526.8916	1014.5789
2528.4766	1007.2424
2530.0613	1019.3128
2531.6462	1024.8029
2533.2312	1015.5983
2534.8159	1017.6497
2536.4009	1017.593
2537.9856	1016.6356
2539.5706	1008.5003
2541.1555	1003.1805
2542.7402	1012.9301
2544.3252	1021.6482
2545.9099	1021.9363
2547.4949	1021.74
2549.0798	1008.2144
2550.6646	1016.9937
2552.2495	1005.083
2553.8345	1008.5856
2555.4192	1013.0951
2557.0042	1013.4945
2558.5889	1014.6637
2560.1738	1008.904
2561.7588	1004.9698
2563.3435	1016.2985
2564.9285	1009.1514
2566.5132	1007.2133
2568.0981	1001.7975
2569.6831	1003.8732
2571.2678	1007.2944
2572.8528	1004.5377
2574.4377	1019.3104
2576.0225	1014.3701
2577.6074	1013.3482
2579.1921	1002.0303
2580.7771	1012.159
2582.3621	995.05292
2583.9468	998.55267
2585.5317	1008.7438
2587.1165	1006.0106
2588.7014	1008.0497
2590.2864	1014.9857
2591.8711	1015.0483
2593.4561	1014.7086
2595.041	1008.9537
2596.6257	1013.712
2598.2107	997.41443
2599.7954	1004.733
2601.3804	1008.7819
2602.9653	1007.5616
2604.55	1009.5344
2606.135	1004.2734
2607.7197	1005.0018
2609.3047	1005.0918
2610.8896	1004.1171
2612.4744	1006.616
2614.0593	1009.6757
2615.6443	1010.1249
2617.229	1002.4479
2618.814	999.29785
2620.3987	1004.7739
2621.9836	1008.5009
2623.5686	1001.5817
2625.1533	1011.1429
2626.7383	998.10992
2628.323	1004.56
2629.908	998.08759
2631.4929	999.63324
2633.0776	1008.3714
2634.6626	998.56458
2636.2476	997.48669
2637.8323	994.10168
2639.4172	1001.759
2641.002	996.42474
2642.5869	1002.7178
2644.1719	1003.5938
2645.7566	1003.4563
2647.3416	1000.897
2648.9263	1011.048
2650.5112	1007.5295
2652.0962	1017.6981
2653.6809	1005.6063
2655.2659	1001.5956
2656.8508	1004.472
2658.4355	998.06775
2660.0205	994.9892
2661.6052	1002.7179
2663.1902	997.63831
2664.7751	1003.3229
2666.3599	995.20557
2667.9448	994.56226
2669.5295	1002.9316
2671.1145	999.00684
2672.6995	1001.5222
2674.2842	999.68085
2675.8691	1000.7699
2677.4541	997.0246
2679.0388	996.75629
2680.6238	990.99628
2682.2085	991.09216
2683.7935	1000.2061
2685.3784	996.61224
2686.9631	989.10889
2688.5481	1001.5789
2690.1328	989.33484
2691.7178	996.51282
2693.3027	999.24615
2694.8875	1004.6431
2696.4724	1007.7087
2698.0574	989.26031
2699.6421	984.53192
2701.2271	993.18866
2702.8118	986.42419
2704.3967	995.57263
2705.9817	991.16504
2707.5664	990.73132
2709.1514	987.24548
2710.7361	990.7605
2712.321	990.80341
2713.906	988.68176
2715.4907	989.80408
2717.0757	987.24121
2718.6606	988.58856
2720.2454	987.8985
2721.8303	994.39044
2723.415	980.5506
2725	984.66852
2726.585	990.52216
2728.1697	999.20648
2729.7546	991.92981
2731.3394	986.83527
2732.9243	999.51154
2734.5093	991.30121
2736.094	982.56689
2737.679	976.59784
2739.2639	987.29889
2740.8486	985.60211
2742.4336	982.98688
2744.0183	987.66205
2745.6033	980.21051
2747.1882	984.58508
2748.7729	977.13074
2750.3579	980.19104
2751.9426	982.69855
2753.5276	974.15558
2755.1125	985.8667
2756.6973	984.53772
2758.2822	985.34265
2759.8672	997.54376
2761.4519	986.4754
2763.0369	995.479
2764.6216	969.31885
2766.2065	976.54242
2767.7915	979.3559
2769.3762	972.8493
2770.9612	979.8324
2772.5459	976.08514
2774.1309	978.27814
2775.7158	973.32257
2777.3005	984.86047
2778.8855	980.64166
2780.4705	982.10913
2782.0552	969.92969
2783.6401	973.96777
2785.2249	978.89771
2786.8098	989.34662
2788.3948	985.14203
2789.9795	975.40137
2791.5645	975.50629
2793.1492	987.20648
2794.7341	975.18481
2796.3191	973.22668
2797.9038	981.17395
2799.4888	983.45081
2801.0737	982.09766
2802.6584	983.76532
2804.2434	968.56183
2805.8281	978.65625
2807.4131	979.99677
2808.998	975.77734
2810.5828	966.33173
2812.1677	969.4563
2813.7524	983.62488
2815.3374	982.90344
2816.9224	976.0047
2818.5071	981.08826
2820.092	981.72058
2821.677	970.76038
2823.2617	977.05988
2824.8467	980.05219
2826.4314	978.05566
2828.0164	967.6507
2829.6013	969.95258
2831.186	966.81042
2832.771	965.9679
2834.3557	979.63257
2835.9407	968.82275
2837.5256	966.95947
2839.1104	977.12982
2840.6953	975.66736
2842.2803	964.36224
2843.865	970.51947
2845.45	965.81622
2847.0347	978.66547
2848.6196	980.57513
2850.2046	969.96405
2851.7893	979.3822
2853.3743	956.62238
2854.959	964.44916
2856.5439	970.62042
2858.1289	968.21906
2859.7136	965.95367
2861.2986	966.99756
2862.8835	958.90643
2864.4683	969.41888
2866.0532	974.10059
2867.6379	970.52173
2869.2229	971.52246
2870.8079	1004.5852
2872.3926	1368.267
2873.9775	1022.3667
2875.5623	969.12213
2877.1472	968.40216
2878.7322	960.98669
2880.3169	960.25519
2881.9019	957.55524
2883.4868	960.71704
2885.0715	964.94592
2886.6565	963.40137
2888.2412	966.81183
2889.8262	969.82513
2891.4111	957.12439
2892.9958	956.95837
2894.5808	963.48425
2896.1655	961.9903
2897.7505	971.49786
2899.3354	969.06232
2900.9202	959.44269
2902.5051	955.34216
2904.0901	952.26117
2905.6748	957.21405
2907.2598	964.8399
2908.8445	953.27411
2910.4294	964.4256
2912.0144	958.51459
2913.5991	958.86237
2915.1841	964.19604
2916.7688	970.50812
2918.3538	962.98999
2919.9387	951.05865
2921.5234	949.138
2923.1084	952.92664
2924.6934	954.63831
2926.2781	951.95679
2927.863	953.01746
2929.4478	952.69897
2931.0327	965.34619
2932.6177	957.69788
2934.2024	950.26599
2935.7874	956.83838
2937.3721	946.71082
2938.957	956.17059
2940.542	946.72992
2942.1267	962.31964
2943.7117	967.42126
2945.2966	950.38348
2946.8813	957.15607
2948.4663	961.84192
2950.051	950.00342
2951.636	947.2085
2953.2209	950.7439
2954.8057	954.00732
2956.3906	953.26666
2957.9753	959.69702
2959.5603	962.80847
2961.1453	957.06335
2962.73	952.10657
2964.3149	955.93121
2965.8999	950.16888
2967.4846	957.56122
2969.0696	951.84619
2970.6543	953.55005
2972.2393	955.44702
2973.8242	963.64594
2975.4089	953.01038
2976.9939	968.73492
2978.5786	949.20886
2980.1636	966.66534
2981.7485	953.08185
2983.3333	950.04474
2984.9182	940.99286
2986.5032	949.48657
2988.0879	954.50952
2989.6729	963.5636
2991.2576	948.54309
2992.8425	957.33917
2994.4275	943.46387
2996.0122	941.49841
2997.5972	950.32202
2999.1819	950.10217
3000.7668	951.58557
3002.3518	956.58014
3003.9365	948.49774
3005.5215	952.0589
3007.1064	954.79309
3008.6912	948.25793
3010.2761	946.28534
3011.8608	946.47833
3013.4458	948.26233
3015.0308	939.93164
3016.6155	943.17065
3018.2004	948.31915
3019.7852	948.1886
3021.3701	941.77368
3022.9551	954.95795
3024.5398	946.69147
3026.1248	943.03046
3027.7097	937.32007
3029.2944	949.7785
3030.8794	946.78174
3032.4641	947.02222
3034.0491	943.8645
3035.634	945.79724
3037.2188	944.48077
3038.8037	944.06281
3040.3884	947.92242
3041.9734	954.01752
3043.5583	953.30426
3045.1431	955.56671
3046.728	949.04303
3048.313	959.62384
3049.8977	950.67493
3051.4827	965.96442
3053.0674	956.65637
3054.6523	949.58643
3056.2373	955.41052
3057.822	957.69659
3059.407	955.54401
3060.9917	954.38293
3062.5767	965.72211
3064.1616	969.8786
3065.7463	982.61218
3067.3313	968.86639
3068.9163	985.77441
3070.501	993.26923
3072.0859	979.81335
3073.6707	974.7243
3075.2556	975.71503
3076.8406	967.25238
3078.4253	968.80536
3080.0103	948.58667
3081.595	964.18445
3083.1799	949.91431
3084.7649	950.69342
3086.3496	953.60754
3087.9346	958.12787
3089.5195	944.62543
3091.1042	943.97992
3092.6892	946.1134
3094.2739	946.06976
3095.8589	943.88019
3097.4438	946.10388
3099.0286	942.63739
3100.6135	940.6109
3102.1982	940.23376
3103.7832	947.8595
3105.3682	945.14008
3106.9529	941.59882
3108.5378	939.76294
3110.1228	941.21161
3111.7075	936.12854
3113.2925	943.57306
3114.8772	943.71216
3116.4622	945.31781
3118.0471	936.18262
3119.6318	938.05817
3121.2168	943.66577
3122.8018	946.77557
3124.3865	946.06934
3125.9714	946.12189
3127.5562	931.37488
3129.1411	943.29633
3130.7261	937.91583
3132.3108	944.32935
3133.8958	934.75708
3135.4805	939.24548
3137.0654	935.90057
3138.6504	940.22357
3140.2351	943.79974
3141.8201	930.24548
3143.405	944.12567
3144.9897	933.71942
3146.5747	941.79987
3148.1594	945.44128
3149.7444	935.19409
3151.3293	935.65936
3152.9141	943.41528
3154.499	935.5199
3156.0837	944.88593
3157.6687	937.5434
3159.2537	937.15393
3160.8384	945.09637
3162.4233	934.72156
3164.0083	934.21741
3165.593	938.4801
3167.178	936.57965
3168.7627	923.9906
3170.3477	923.97382
3171.9326	933.80048
3173.5173	941.06647
3175.1023	939.34882
3176.687	921.71893
3178.272	932.57343
3179.8569	928.01703
3181.4417	929.36969
3183.0266	928.112
3184.6116	921.77606
3186.1963	933.12891
3187.7813	924.22278
3189.366	922.29639
3190.9509	927.56232
3192.5359	931.50952
3194.1206	939.07574
3195.7056	925.00909
3197.2903	928.54309
3198.8752	931.34283
3200.4602	933.57684
3202.0449	922.88483
3203.6299	930.01959
3205.2148	929.86816
3206.7996	923.22668
3208.3845	923.22314
3209.9692	933.90051
3211.5542	927.36853
3213.1392	923.36139
3214.7239	931.60425
3216.3088	931.5293
3217.8936	921.19952
3219.4785	927.10236
3221.0635	921.61249
3222.6482	919.88324
3224.2332	929.93951
3225.8181	917.00085
3227.4028	927.54175
3228.9878	928.82666
3230.5725	928.11914
3232.1575	935.08221
3233.7424	923.41052
3235.3271	923.02643
3236.9121	931.55164
3238.4968	933.29102
3240.0818	920.18402
3241.6667	914.76019
3243.2515	924.07599
3244.8364	913.284
3246.4214	912.64178
3248.0061	919.70483
3249.5911	915.02509
3251.1758	918.02191
3252.7607	921.42487
3254.3457	919.51624
3255.9304	921.79419
3257.5154	918.56793
3259.1001	915.65851
3260.6851	915.40082
3262.27	917.89441
3263.8547	923.77155
3265.4397	920.92419
3267.0247	928.83203
3268.6094	923.53058
3270.1943	915.26697
3271.7791	916.22504
3273.364	911.2876
3274.949	924.33093
3276.5337	922.06152
3278.1187	914.54358
3279.7034	915.61346
3281.2883	921.47748
3282.8733	911.86401
3284.458	920.85254
3286.043	912.7746
3287.6279	909.18964
3289.2126	915.93274
3290.7976	919.04962
3292.3823	920.00568
3293.9673	916.58423
3295.5522	914.1947
3297.137	911.09796
3298.7219	913.79846
3300.3066	919.39667
3301.8916	909.38055
3303.4766	922.51184
3305.0613	920.51825
3306.6462	916.7121
3308.2312	915.16211
3309.8159	910.92572
3311.4009	913.38306
3312.9856	918.96295
3314.5706	914.58051
3316.1555	918.9809
3317.7402	918.83044
3319.3252	917.5304
3320.9099	911.27197
3322.4949	908.63776
3324.0798	913.8905
3325.6646	918.30963
3327.2495	908.71094
3328.8345	910.34521
3330.4192	911.36481
3332.0042	916.63757
3333.5889	910.4469
3335.1738	901.76746
3336.7588	908.6333
3338.3435	902.88086
3339.9285	904.23608
3341.5132	912.80725
3343.0981	916.62775
3344.6831	912.45984
3346.2678	918.33936
3347.8528	906.32788
3349.4377	913.44031
3351.0225	909.11462
3352.6074	907.65735
3354.1921	907.33191
3355.7771	909.89294
3357.3621	914.11664
3358.9468	914.39862
3360.5317	904.78772
3362.1165	911.78888
3363.7014	901.15497
3365.2864	905.0307
3366.8711	903.26971
3368.4561	910.01331
3370.041	911.63324
3371.6257	904.9527
3373.2107	903.48688
3374.7954	913.11951
3376.3804	908.55273
3377.9653	911.12354
3379.55	898.79602
3381.135	905.51422
3382.7197	903.64166
3384.3047	912.82257
3385.8896	905.00061
3387.4744	902.37543
3389.0593	900.95801
3390.6443	900.56183
3392.229	898.3338
3393.814	903.81165
3395.3987	899.16412
3396.9836	907.47736
3398.5686	903.48621
3400.1533	901.09692
3401.7383	906.02838
3403.323	902.35718
3404.908	905.19202
3406.4929	905.23608
3408.0776	906.02771
3409.6626	893.62695
3411.2476	894.9845
3412.8323	907.23248
3414.4172	907.15833
3416.002	902.91516
3417.5869	886.62091
3419.1719	892.51849
3420.7566	902.80267
3422.3416	901.41888
3423.9263	899.87048
3425.5112	892.36298
3427.0962	891.51849
3428.6809	898.96936
3430.2659	893.96033
3431.8508	902.92792
3433.4355	909.08173
3435.0205	904.20825
3436.6052	897.84509
3438.1902	896.40521
3439.7751	894.38678
3441.3599	899.71246
3442.9448	892.9668
3444.5295	896.3418
3446.1145	896.07434
3447.6995	894.32849
3449.2842	899.7193
3450.8691	892.40942
3452.4541	892.97882
3454.0388	888.6333
3455.6238	891.03015
3457.2085	892.59399
3458.7935	899.16003
3460.3784	896.38727
3461.9631	887.37952
3463.5481	890.36237
3465.1328	889.02246
3466.7178	897.15497
3468.3027	897.57654
3469.8875	888.87366
3471.4724	889.79181
3473.0574	895.45502
3474.6421	893.16711
3476.2271	889.77704
3477.8118	889.42926
3479.3967	892.63727
3480.9817	886.30548
3482.5664	892.76776
3484.1514	880.24255
3485.7361	880.12347
3487.321	883.15314
3488.906	891.18561
3490.4907	883.46558
3492.0757	876.07501
3493.6606	886.91541
3495.2454	885.50244
3496.8303	891.16089
3498.415	886.58197
3500	890.76068
