400	1064.7607
401.58487	1066.0364
403.16974	1062.1385
404.75461	1067.4764
406.33948	1059.1409
407.92435	1056.342
409.50922	1066.5452
411.09406	1068.9021
412.67892	1057.8387
414.26379	1064.6962
415.84866	1056.95
417.43353	1064.4712
419.0184	1062.3165
420.60327	1057.8021
422.18814	1067.7213
423.77301	1073.6364
425.35788	1074.4609
426.94275	1057.5596
428.52762	1067.7885
430.11249	1074.8502
431.69733	1071.2
433.2822	1060.3301
434.86707	1067.6631
436.45193	1060.4529
438.0368	1065.4075
439.62167	1065.4814
441.20654	1071.8463
442.79141	1065.8843
444.37628	1065.629
445.96115	1055.064
447.54602	1060.5516
449.13089	1072.166
450.71576	1066.9366
452.30063	1065.1652
453.88547	1067.3834
455.47034	1056.9821
457.05521	1064.1786
458.64008	1071.1599
460.22495	1065.8256
461.80981	1059.5564
463.39468	1059.592
464.97955	1064.0651
466.56442	1065.762
468.14929	1063.6858
469.73416	1064.3036
471.31903	1067.2833
472.9039	1066.1031
474.48874	1069.9688
476.07361	1070.9762
477.65848	1074.3828
479.24335	1081.3739
480.82822	1073.3093
482.41309	1075.4265
483.99796	1069.447
485.58282	1084.8125
487.16769	1079.0309
488.75256	1068.6451
490.33743	1063.8951
491.9223	1063.0033
493.50717	1068.4865
495.09201	1069.4193
496.67688	1071.2294
498.26175	1062.0051
499.84662	1077.9425
501.43149	1081.8107
503.01636	1069.3593
504.60123	1069.9235
506.1861	1071.7949
507.77097	1068.0333
509.35583	1067.7528
510.9407	1062.0277
512.52557	1066.4072
514.11041	1077.2858
515.69531	1073.2081
517.28015	1059.7898
518.86505	1067.7168
520.44989	1065.1235
522.03479	1064.0829
523.61963	1065.9841
525.20453	1058.4456
526.78937	1067.2815
528.37421	1070.5851
529.95911	1060.2776
531.54395	1056.4436
533.12885	1073.1674
534.71368	1056.512
536.29858	1056.1287
537.88342	1066.1576
539.46832	1076.4506
541.05316	1069.0105
542.63806	1062.6392
544.2229	1061.3701
545.8078	1067.0952
547.39264	1070.4083
548.97748	1053.3303
550.56238	1059.9515
552.14722	1066.0483
553.73212	1060.575
555.31696	1067.3427
556.90186	1064.9116
558.48669	1056.8802
560.07159	1056.2294
561.65643	1051.4313
563.24133	1065.4646
564.82617	1069.5336
566.41107	1069.8528
567.99591	1066.9088
569.58075	1076.01
571.16565	1062.8348
572.75049	1061.6206
574.33539	1064.9086
575.92023	1069.1322
577.50513	1064.5721
579.08997	1061.1968
580.67487	1066.797
582.2597	1064.1221
583.8446	1054.8354
585.42944	1060.2469
587.01434	1069.2549
588.59918	1069.3645
590.18402	1070.641
591.76892	1079.3752
593.35376	1075.2267
594.93866	1073.9081
596.5235	1065.7124
598.1084	1069.2977
599.69324	1072.4326
601.27814	1074.1536
602.86298	1070.2195
604.44788	1075.7115
606.03271	1082.4934
607.61761	1062.9595
609.20245	1067.0327
610.78729	1071.774
612.37219	1065.4895
613.95703	1071.3994
615.54193	1068.4496
617.12677	1058.5535
618.71167	1060.9613
620.29651	1072.166
621.88141	1060.4985
623.46625	1062.4858
625.05115	1059.5413
626.63599	1067.2664
628.22089	1069.3821
629.80573	1064.7603
631.39056	1055.2355
632.97546	1070.6073
634.5603	1070.5356
636.1452	1053.7777
637.73004	1069.699
639.31494	1073.7147
640.89978	1073.8964
642.48468	1077.8668
644.06952	1074.1133
645.65442	1068.6198
647.23926	1077.4873
648.82416	1062.5623
650.409	1062.5415
651.99384	1063.8413
653.57874	1057.7167
655.16357	1067.1509
656.74847	1072.5634
658.33331	1074.9319
659.91821	1074.2164
661.50305	1071.3315
663.08795	1072.5651
664.67279	1070.1554
666.25769	1073.0211
667.84253	1077.9965
669.42743	1073.3711
671.01227	1070.5712
672.59711	1071.3013
674.18201	1071.3195
675.76685	1075.8
677.35175	1066.1694
678.93658	1070.7311
680.52148	1075.429
682.10632	1077.4556
683.69122	1070.6884
685.27606	1062.0646
686.86096	1066.0819
688.4458	1078.8105
690.0307	1076.9772
691.61554	1069.5731
693.20044	1074.377
694.78528	1063.6364
696.37012	1070.4805
697.95502	1067.0223
699.53986	1061.4504
701.12476	1067.0795
702.70959	1074.4088
704.29449	1077.662
705.87933	1062.4829
707.46423	1061.6471
709.04907	1059.7728
710.63397	1050.9609
712.21881	1064.3885
713.80371	1058.871
715.38855	1052.5154
716.97339	1066.0598
718.55829	1075.0955
720.14313	1061.1204
721.72803	1062.9854
723.31287	1072.0931
724.89777	1059.2489
726.4826	1052.1631
728.0675	1055.2704
729.65234	1057.4851
731.23724	1047.29
732.82208	1059.4392
734.40698	1066.8424
735.99182	1061.1689
737.57666	1062.1729
739.16156	1059.1171
740.7464	1065.6163
742.3313	1056.4794
743.91614	1065.3444
745.50104	1070.2836
747.08588	1071.9597
748.67078	1056.0125
750.25562	1060.376
751.84052	1064.8226
753.42535	1104.9576
755.01025	1316.9978
756.59509	1590.3473
758.17993	1530.6006
759.76483	1253.4299
761.34967	1080.9457
762.93457	1076.2887
764.51941	1080.1426
766.10431	1072.7888
767.68915	1071.965
769.27405	1072.3508
770.85889	1078.9752
772.44379	1070.2559
774.02863	1078.5586
775.61353	1069.5135
777.19836	1066.6108
778.7832	1081.0723
780.3681	1081.0233
781.95294	1084.613
783.53784	1082.0586
785.12268	1063.0276
786.70758	1072.5591
788.29242	1101.1008
789.87732	1356.2502
791.46216	1299.1626
793.04706	1152.8842
794.6319	1075.7212
796.2168	1075.5936
797.80164	1071.486
799.38647	1066.8651
800.97137	1077.3005
802.55621	1087.4965
804.14111	1080.6005
805.72595	1072.949
807.31085	1069.5048
808.89569	1074.8988
810.48059	1076.5996
812.06543	1066.1815
813.65033	1066.4543
815.23517	1065.6034
816.82007	1067.4709
818.40491	1054.4163
819.98975	1062.5702
821.57465	1068.9192
823.15948	1073.3378
824.74438	1076.6
826.32922	1076.4597
827.91412	1072.5052
829.49896	1077.8009
831.08386	1062.5765
832.6687	1062.3193
834.2536	1063.8782
835.83844	1071.4995
837.42334	1063.3833
839.00818	1066.7433
840.59302	1058.7767
842.17792	1062.2303
843.76276	1071.3634
845.34766	1078.1075
846.9325	1065.8525
848.5174	1068.7325
850.10223	1072.3838
851.68713	1087.3141
853.27197	1085.2703
854.85687	1080.9292
856.44171	1061.2386
858.02661	1067.7175
859.61145	1072.856
861.19629	1082.3654
862.78119	1089.9926
864.36603	1080.4412
865.95093	1073.6654
867.53577	1069.0717
869.12067	1070.5807
870.70551	1075.774
872.29041	1073.6749
873.87524	1066.3954
875.46014	1074.8146
877.04498	1080.5637
878.62988	1078.9554
880.21472	1064.4551
881.79956	1073.6719
883.38446	1079.1201
884.9693	1072.616
886.5542	1076.9612
888.13904	1085.755
889.72394	1079.7711
891.30878	1084.8519
892.89368	1069.3734
894.47852	1069.584
896.06342	1067.7948
897.64825	1060.9301
899.23315	1077.5846
900.81799	1064.7554
902.40289	1059.2688
903.98773	1068.5566
905.57257	1084.5425
907.15747	1070.0652
908.74231	1073.3817
910.32721	1072.9095
911.91205	1079.29
913.49695	1068.5758
915.08179	1060.7946
916.66669	1064.9849
918.25153	1079.2468
919.83643	1080.8671
921.42126	1071.9033
923.00616	1078.504
924.591	1075.6566
926.17584	1071.8564
927.76074	1079.3855
929.34558	1079.7883
930.93048	1072.3862
932.51532	1074.9143
934.10022	1073.469
935.68506	1075.574
937.26996	1073.2842
938.8548	1087.2029
940.4397	1081.6432
942.02454	1089.6824
943.60944	1079.6975
945.19427	1079.4399
946.77911	1078.1431
948.36401	1081.7352
949.94885	1083.7391
951.53375	1087.4427
953.11859	1096.9918
954.70349	1090.6193
956.28833	1080.3112
957.87323	1080.2598
959.45807	1093.708
961.04297	1085.1731
962.62781	1085.1858
964.21271	1092.7933
965.79755	1111.2203
967.38239	1099.0046
968.96729	1101.3705
970.55212	1102.6001
972.13702	1100.3892
973.72186	1106.79
975.30676	1107.5049
976.8916	1103.7499
978.4765	1116.8826
980.06134	1113.3706
981.64624	1113.7845
983.23108	1117.7996
984.81598	1119.04
986.40082	1122.5608
987.98566	1135.5594
989.57056	1135.6843
991.1554	1125.7711
992.7403	1120.1652
994.32513	1123.8744
995.91003	1131.1017
997.49487	1126.7943
999.07977	1131.875
1000.6646	1122.1559
1002.2495	1129.6942
1003.8344	1134.2062
1005.4193	1128.6536
1007.0041	1120.6681
1008.5889	1109.5803
1010.1738	1119.9854
1011.7587	1119.062
1013.3436	1116.0333
1014.9284	1108.2128
1016.5133	1120.2509
1018.0981	1118.3859
1019.683	1119.8123
1021.2679	1132.7939
1022.8528	1131.4447
1024.4376	1132.3474
1026.0225	1123.5884
1027.6074	1120.5692
1029.1923	1127.3741
1030.7771	1121.3392
1032.3619	1119.6429
1033.9468	1130.8759
1035.5317	1127.8763
1037.1166	1119.46
1038.7014	1112.2805
1040.2863	1113.5295
1041.8712	1122.6403
1043.4561	1124.2234
1045.0409	1118.5037
1046.6257	1126.0956
1048.2107	1115.0223
1049.7955	1111.2023
1051.3804	1111.1617
1052.9652	1112.474
1054.55	1114.0234
1056.135	1117.0674
1057.7198	1122.8698
1059.3047	1115.4789
1060.8895	1121.2706
1062.4745	1121.4771
1064.0593	1113.4028
1065.6442	1110.326
1067.229	1111.1692
1068.814	1118.9047
1070.3988	1118.7562
1071.9836	1109.6348
1073.5685	1110.077
1075.1533	1100.7363
1076.7383	1100.0802
1078.3231	1106.8243
1079.908	1098.9514
1081.4928	1109.3417
1083.0778	1105.3303
1084.6626	1116.0518
1086.2474	1109.0847
1087.8323	1115.4983
1089.4172	1113.6039
1091.0021	1098.1896
1092.5869	1100.5323
1094.1718	1113.4176
1095.7566	1097.463
1097.3416	1115.1991
1098.9264	1112.5356
1100.5112	1111.981
1102.0961	1111.4342
1103.681	1101.9659
1105.2659	1099.152
1106.8507	1111.8192
1108.4355	1104.6678
1110.0205	1098.8901
1111.6053	1104.1877
1113.1902	1130.382
1114.775	1185.348
1116.3599	1265.9534
1117.9448	1352.9111
1119.5297	1392.369
1121.1145	1358.5604
1122.6993	1286.9873
1124.2843	1201.2443
1125.8691	1136.4042
1127.454	1103.48
1129.0388	1093.5959
1130.6238	1088.2572
1132.2086	1086.8351
1133.7935	1091.1068
1135.3783	1089.8608
1136.9631	1086.0759
1138.5481	1088.6836
1140.1329	1096.609
1141.7178	1095.4247
1143.3026	1091.5106
1144.8876	1087.4331
1146.4724	1088.4242
1148.0573	1095.0327
1149.6421	1095.8188
1151.2271	1100.7714
1152.8119	1096.5486
1154.3967	1096.4032
1155.9816	1088.1588
1157.5664	1081.801
1159.1514	1094.3496
1160.7362	1092.1625
1162.321	1090.7736
1163.9059	1087.8201
1165.4908	1086.1404
1167.0757	1091.0221
1168.6605	1098.3832
1170.2454	1088.6597
1171.8303	1088.6578
1173.4152	1089.4484
1175	1092.0621
1176.5848	1084.8889
1178.1697	1089.635
1179.7546	1084.3594
1181.3395	1100.275
1182.9243	1084.7847
1184.5092	1078.9454
1186.0941	1091.7124
1187.679	1083.6907
1189.2638	1073.1339
1190.8486	1085.8038
1192.4336	1091.1677
1194.0184	1093.9041
1195.6033	1150.0613
1197.1881	1202.1639
1198.7729	1132.0485
1200.3579	1095.1521
1201.9427	1083.3655
1203.5276	1090.8063
1205.1124	1097.5176
1206.6974	1098.6274
1208.2822	1094.0776
1209.8671	1100.0958
1211.4519	1095.9369
1213.0369	1080.2628
1214.6217	1094.5883
1216.2065	1095.7465
1217.7914	1090.0822
1219.3762	1101.5645
1220.9612	1089.3472
1222.546	1094.6079
1224.1309	1097.4515
1225.7157	1099.8033
1227.3007	1087.9045
1228.8855	1089.8334
1230.4703	1087.0636
1232.0552	1086.7615
1233.6401	1089.9082
1235.225	1091.0247
1236.8098	1091.8872
1238.3947	1102.634
1239.9795	1098.7729
1241.5645	1086.4313
1243.1493	1097.0802
1244.7341	1092.5376
1246.319	1083.9705
1247.9039	1089.8706
1249.4888	1090.2169
1251.0736	1081.801
1252.6584	1087.848
1254.2434	1087.1658
1255.8282	1088.6764
1257.4131	1079.7656
1258.9979	1096.0261
1260.5828	1095.3851
1262.1677	1087.1986
1263.7526	1095.1449
1265.3374	1088.4661
1266.9222	1099.1576
1268.5072	1096.5778
1270.092	1095.526
1271.6769	1095.4392
1273.2617	1093.6682
1274.8467	1097.7894
1276.4315	1102.6467
1278.0164	1097.7635
1279.6012	1094.5594
1281.186	1089.3098
1282.771	1085.4434
1284.3558	1085.5741
1285.9407	1096.46
1287.5255	1096.8673
1289.1105	1088.9133
1290.6953	1089.6326
1292.2802	1094.9225
1293.865	1098.1521
1295.45	1088.7994
1297.0348	1088.8469
1298.6196	1097.6884
1300.2045	1099.3828
1301.7893	1083.1682
1303.3743	1080.1006
1304.9591	1099.3099
1306.5439	1094.1488
1308.1288	1103.1018
1309.7137	1090.7238
1311.2986	1087.6201
1312.8834	1101.4192
1314.4683	1092.8855
1316.0532	1096.6172
1317.6381	1091.8514
1319.2229	1092.4037
1320.8077	1092.6454
1322.3926	1093.917
1323.9775	1088.8657
1325.5624	1089.7977
1327.1472	1090.2693
1328.7321	1096.1677
1330.317	1102.5475
1331.9019	1086.3688
1333.4867	1082.7493
1335.0715	1092.573
1336.6565	1089.7357
1338.2413	1087.7621
1339.8262	1090.907
1341.411	1095.8118
1342.9958	1093.0861
1344.5808	1102.2015
1346.1656	1092.6688
1347.7505	1087.6271
1349.3353	1090.2277
1350.9203	1092.7625
1352.5051	1097.9269
1354.09	1097.9847
1355.6748	1093.6907
1357.2598	1085.6558
1358.8446	1094.2035
1360.4294	1090.9949
1362.0143	1095.6958
1363.5991	1089.1151
1365.1841	1094.6975
1366.7689	1090.8235
1368.3538	1089.6387
1369.9386	1092.4521
1371.5236	1084.5107
1373.1084	1090.4249
1374.6932	1089.5282
1376.2781	1089.7512
1377.863	1102.8757
1379.4479	1088.4771
1381.0327	1088.069
1382.6176	1095.5536
1384.2025	1092.0813
1385.7874	1092.1484
1387.3722	1089.3274
1388.957	1094.2672
1390.5419	1102.9792
1392.1268	1102.5015
1393.7117	1094.4861
1395.2965	1099.4978
1396.8813	1106.7811
1398.4663	1100.7629
1400.0511	1094.2583
1401.636	1101.4343
1403.2208	1101.5718
1404.8058	1087.7085
1406.3906	1083.3757
1407.9755	1088.0878
1409.5603	1090.6831
1411.1451	1090.3042
1412.7301	1102.9769
1414.3149	1093.0834
1415.8998	1094.4983
1417.4846	1088.8204
1419.0696	1080.7482
1420.6544	1093.0013
1422.2393	1097.9045
1423.8241	1078.5397
1425.4091	1085.3424
1426.9939	1100.6942
1428.5787	1092.8192
1430.1636	1087.2368
1431.7484	1087.6376
1433.3334	1086.1802
1434.9182	1087.2279
1436.5031	1098.0927
1438.0879	1096.2095
1439.6729	1089.8888
1441.2577	1092.8489
1442.8425	1097.059
1444.4274	1094.9487
1446.0123	1090.9238
1447.5972	1086.0916
1449.182	1097.2084
1450.7668	1088.4531
1452.3517	1086.4076
1453.9366	1092.8954
1455.5215	1083.8986
1457.1063	1088.425
1458.6912	1098.4259
1460.2761	1097.0762
1461.861	1086.0031
1463.4458	1082.5638
1465.0306	1087.9736
1466.6156	1092.8231
1468.2004	1087.5704
1469.7853	1075.1633
1471.3701	1078.9753
1472.955	1082.464
1474.5399	1083.9757
1476.1248	1088.9172
1477.7096	1085.3159
1479.2944	1078.3331
1480.8794	1097.436
1482.4642	1085.0109
1484.0491	1084.1941
1485.6339	1091.3206
1487.2189	1092.6581
1488.8037	1081.1586
1490.3885	1092.2822
1491.9734	1089.8032
1493.5582	1074.5779
1495.1432	1081.2778
1496.728	1090.7688
1498.3129	1096.3235
1499.8977	1093.8781
1501.4827	1099.3912
1503.0675	1095.8125
1504.6523	1087.1531
1506.2372	1090.5242
1507.8221	1095.714
1509.407	1088.0897
1510.9918	1095.1147
1512.5767	1091.1945
1514.1615	1083.4512
1515.7465	1090.2379
1517.3313	1081.8862
1518.9161	1093.7882
1520.501	1088.5015
1522.0859	1099.7622
1523.6708	1098.0403
1525.2556	1075.5658
1526.8405	1098.6327
1528.4254	1100.1274
1530.0103	1084.6948
1531.5951	1092.5323
1533.1799	1089.4908
1534.7648	1082.2019
1536.3497	1088.5145
1537.9346	1092.2222
1539.5194	1102.3885
1541.1042	1094.7373
1542.6892	1100.874
1544.274	1105.0577
1545.8589	1093.8102
1547.4437	1096.6128
1549.0287	1102.6578
1550.6135	1098.2443
1552.1984	1089.2633
1553.7832	1104.0504
1555.368	1094.3577
1556.953	1088.0826
1558.5378	1085.3643
1560.1227	1088.5425
1561.7075	1095.4438
1563.2925	1102.9398
1564.8773	1091.9513
1566.4622	1089.4897
1568.047	1096.637
1569.632	1091.1852
1571.2168	1085.6887
1572.8016	1083.5459
1574.3865	1100.0742
1575.9713	1107.2656
1577.5563	1107.0746
1579.1411	1097.3995
1580.726	1088.0488
1582.3108	1103.0577
1583.8958	1102.7753
1585.4806	1102.979
1587.0654	1097.8341
1588.6503	1096.6606
1590.2352	1094.897
1591.8201	1103.9225
1593.4049	1142.2693
1594.9897	1141.802
1596.5746	1149.0159
1598.1595	1166.5288
1599.7444	1131.7507
1601.3292	1127.2826
1602.9141	1100.8435
1604.499	1096.1188
1606.0839	1098.5795
1607.6687	1097.8127
1609.2535	1088.8707
1610.8385	1101.3479
1612.4233	1099.0321
1614.0082	1092.8024
1615.593	1099.0823
1617.1779	1100.7119
1618.7628	1108.2374
1620.3477	1109.2921
1621.9325	1101.8274
1623.5173	1103.2965
1625.1023	1096.1299
1626.6871	1095.5349
1628.272	1105.0752
1629.8568	1089.87
1631.4418	1095.156
1633.0266	1101.1487
1634.6115	1095.9774
1636.1963	1091.6584
1637.7811	1107.4194
1639.3661	1101.5908
1640.9509	1097.5887
1642.5358	1100.4226
1644.1206	1092.7289
1645.7056	1101.8644
1647.2904	1100.5146
1648.8752	1102.4502
1650.4601	1093.9167
1652.045	1087.3553
1653.6299	1091.0657
1655.2147	1089.9613
1656.7996	1089.1483
1658.3844	1098.895
1659.9694	1101.4335
1661.5542	1110.2474
1663.139	1095.4659
1664.7239	1087.0642
1666.3088	1093.448
1667.8937	1106.7322
1669.4785	1105.7039
1671.0634	1095.2997
1672.6483	1099.1111
1674.2332	1094.5277
1675.818	1092.5619
1677.4028	1095.4587
1678.9877	1094.2084
1680.5726	1113.4447
1682.1575	1098.0529
1683.7423	1100.6484
1685.3271	1096.4467
1686.9121	1103.5197
1688.4969	1100.7255
1690.0818	1110.3545
1691.6666	1106.8583
1693.2516	1099.3888
1694.8364	1100.3918
1696.4213	1094.7821
1698.0061	1088.9888
1699.5909	1109.3307
1701.1759	1111.5483
1702.7607	1103.4188
1704.3456	1099.3378
1705.9304	1100.1161
1707.5154	1098.8135
1709.1002	1109.1317
1710.6851	1107.1305
1712.2699	1088.0577
1713.8549	1096.3402
1715.4397	1091.6595
1717.0245	1099.1654
1718.6094	1090.7189
1720.1942	1098.8534
1721.7792	1104.0715
1723.364	1102.1029
1724.9489	1100.0692
1726.5337	1103.941
1728.1187	1099.282
1729.7035	1103.554
1731.2883	1110.2567
1732.8732	1095.3779
1734.4581	1094.2284
1736.043	1084.6779
1737.6278	1100.9269
1739.2126	1115.9089
1740.7975	1115.6689
1742.3824	1095.549
1743.9673	1098.7161
1745.5521	1114.4532
1747.137	1120.7159
1748.7219	1112.9169
1750.3068	1091.9545
1751.8916	1105.1624
1753.4764	1108.3733
1755.0614	1107.9094
1756.6462	1114.303
1758.2311	1098.0935
1759.8159	1101.6807
1761.4009	1099.6858
1762.9857	1103.0406
1764.5706	1100.391
1766.1554	1096.7728
1767.7402	1101.4319
1769.3252	1110.1099
1770.91	1116.5538
1772.4949	1101.1571
1774.0797	1107.4465
1775.6647	1096.4371
1777.2495	1106.4031
1778.8344	1106.7926
1780.4192	1102.9634
1782.0042	1099.4908
1783.589	1112.3353
1785.1738	1106.4794
1786.7587	1106.6183
1788.3435	1116.9313
1789.9285	1120.601
1791.5133	1105.7993
1793.0981	1107.2424
1794.683	1111.1119
1796.2679	1111.2639
1797.8528	1118.244
1799.4376	1102.3245
1801.0225	1108.7777
1802.6074	1108.4839
1804.1923	1111.3513
1805.7771	1109.6436
1807.3619	1108.7511
1808.9468	1110.8796
1810.5317	1115.8003
1812.1166	1115.2826
1813.7014	1110.0964
1815.2863	1111.1899
1816.8712	1115.9884
1818.4561	1106.9551
1820.0409	1109.1925
1821.6257	1112.2119
1823.2107	1109.0273
1824.7955	1116.2594
1826.3804	1104.0813
1827.9652	1106.0759
1829.55	1107.0613
1831.135	1117.0193
1832.7198	1110.0586
1834.3047	1117.0085
1835.8895	1113.7068
1837.4745	1114.1093
1839.0593	1121.052
1840.6442	1116.0607
1842.229	1116.4908
1843.814	1117.5635
1845.3988	1126.4252
1846.9836	1120.8525
1848.5685	1125.9718
1850.1533	1109.962
1851.7383	1106.7223
1853.3231	1107.8634
1854.908	1111.0217
1856.4928	1114.1251
1858.0778	1111.7299
1859.6626	1112.6084
1861.2474	1108.5898
1862.8323	1111.7806
1864.4172	1114.8749
1866.0021	1105.3772
1867.5869	1112.3645
1869.1718	1120.8037
1870.7566	1118.3885
1872.3416	1108.9125
1873.9264	1116.451
1875.5112	1123.2543
1877.0961	1115.3331
1878.681	1109.6599
1880.2659	1114.1892
1881.8507	1111.8639
1883.4355	1117.8052
1885.0205	1103.6793
1886.6053	1109.2083
1888.1902	1109.0256
1889.775	1105.5785
1891.3599	1120.9662
1892.9448	1109.2563
1894.5297	1118.0494
1896.1145	1111.9556
1897.6993	1116.1604
1899.2843	1103.7429
1900.8691	1113.2012
1902.454	1116.9023
1904.0388	1123.8065
1905.6238	1114.7236
1907.2086	1107.9889
1908.7935	1111.3945
1910.3783	1118.5682
1911.9631	1119.0394
1913.5481	1116.6107
1915.1329	1107.5536
1916.7178	1120.0255
1918.3026	1120.3058
1919.8876	1114.5292
1921.4724	1109.0251
1923.0573	1108.1925
1924.6421	1108.1049
1926.2271	1111.2719
1927.8119	1117.3248
1929.3967	1120.9249
1930.9816	1126.7631
1932.5664	1120.1814
1934.1514	1117.7393
1935.7362	1118.1128
1937.321	1119.9351
1938.9059	1110.8472
1940.4908	1112.0117
1942.0757	1118.3335
1943.6605	1117.7031
1945.2454	1113.4174
1946.8303	1125.5658
1948.4152	1119.8113
1950	1114.6469
1951.5848	1114.3992
1953.1697	1118.1677
1954.7546	1113.0422
1956.3395	1119.1719
1957.9243	1122.5343
1959.5092	1119.5656
1961.0941	1113.3733
1962.679	1117.5996
1964.2638	1112.1165
1965.8486	1122.3108
1967.4336	1113.7283
1969.0184	1123.8652
1970.6033	1128.2322
1972.1881	1119.4689
1973.7729	1118.6487
1975.3579	1117.6899
1976.9427	1108.3643
1978.5276	1118.1636
1980.1124	1122.7543
1981.6974	1115.5038
1983.2822	1115.5795
1984.8671	1113.798
1986.4519	1120.4634
1988.0369	1112.6359
1989.6217	1114.119
1991.2065	1115.4127
1992.7914	1113.2646
1994.3762	1124.3058
1995.9612	1119.5682
1997.546	1115.8112
1999.1309	1116.931
2000.7157	1103.3153
2002.3007	1113.6456
2003.8855	1114.7949
2005.4703	1112.5598
2007.0552	1110.5605
2008.6401	1117.2799
2010.225	1105.4108
2011.8098	1105.9734
2013.3947	1114.9078
2014.9795	1103.3035
2016.5645	1115.5692
2018.1493	1104.0305
2019.7341	1121.8458
2021.319	1125.1807
2022.9039	1110.8601
2024.4888	1113.3549
2026.0736	1105.0686
2027.6584	1113.5558
2029.2434	1109.0372
2030.8282	1101.0173
2032.4131	1104.5034
2033.9979	1112.4177
2035.5828	1101.3921
2037.1677	1102.5291
2038.7526	1109.9889
2040.3374	1108.3929
2041.9222	1115.1128
2043.5072	1123.2036
2045.092	1121.4298
2046.6769	1124.0356
2048.2617	1102.1659
2049.8467	1120.5322
2051.4314	1107.8724
2053.0164	1097.1836
2054.6013	1113.3402
2056.186	1118.89
2057.771	1113.9537
2059.3557	1112.2378
2060.9407	1120.7719
2062.5256	1127.3639
2064.1104	1111.6034
2065.6953	1118.163
2067.2803	1106.1154
2068.865	1110.084
2070.45	1133.4847
2072.0347	1123.2429
2073.6196	1123.0891
2075.2046	1125.511
2076.7893	1130.8925
2078.3743	1114.8805
2079.959	1117.772
2081.5439	1127.7815
2083.1289	1116.8179
2084.7136	1122.6205
2086.2986	1113.6957
2087.8835	1118.8734
2089.4683	1123.8496
2091.0532	1124.7137
2092.6379	1133.0057
2094.2229	1126.6974
2095.8079	1153.3884
2097.3926	1145.8705
2098.9775	1150.453
2100.5623	1139.3259
2102.1472	1126.5874
2103.7322	1128.1202
2105.3169	1110.7822
2106.9019	1113.3522
2108.4868	1113.9365
2110.0715	1120.7631
2111.6565	1123.5424
2113.2412	1124.7224
2114.8262	1119.3563
2116.4111	1125.8162
2117.9958	1119.5874
2119.5808	1105.949
2121.1655	1121.8976
2122.7505	1125.5916
2124.3354	1116.2018
2125.9202	1122.15
2127.5051	1112.9363
2129.0901	1120.4348
2130.6748	1119.0764
2132.2598	1116.6295
2133.8445	1120.7592
2135.4294	1108.3237
2137.0144	1102.0258
2138.5991	1110.9655
2140.1841	1114.1573
2141.7688	1116.8895
2143.3538	1124.3445
2144.9387	1122.8932
2146.5234	1119.7639
2148.1084	1116.6138
2149.6934	1113.9402
2151.2781	1108.0944
2152.863	1108.3032
2154.4478	1105.9031
2156.0327	1121.3168
2157.6177	1139.6234
2159.2024	1146.0369
2160.7874	1137.8051
2162.3721	1143.4773
2163.957	1121.2484
2165.542	1109.2145
2167.1267	1114.3351
2168.7117	1110.1051
2170.2966	1113.3379
2171.8813	1107.2865
2173.4663	1112.0792
2175.051	1115.5533
2176.636	1116.4552
2178.2209	1122.6013
2179.8057	1130.8317
2181.3906	1112.1124
2182.9753	1114.3301
2184.5603	1116.5939
2186.1453	1109.7455
2187.73	1119.3091
2189.3149	1117.8422
2190.8999	1110.9888
2192.4846	1289.9711
2194.0696	1414.7797
2195.6543	1338.5652
2197.2393	1197.6052
2198.8242	1120.7944
2200.4089	1113.8859
2201.9939	1114.1228
2203.5786	1125.3376
2205.1636	1115.9973
2206.7485	1108.9418
2208.3333	1109.2288
2209.9182	1101.3091
2211.5032	1106.0601
2213.0879	1111.2673
2214.6729	1101.3303
2216.2576	1101.0865
2217.8425	1122.6613
2219.4275	1127.2546
2221.0122	1123.6041
2222.5972	1111.5991
2224.1819	1109.5192
2225.7668	1116.3131
2227.3518	1123.6317
2228.9365	1121.557
2230.5215	1118.4406
2232.1064	1125.7101
2233.6912	1126.0752
2235.2761	1115.4497
2236.8608	1111.7676
2238.4458	1121.9453
2240.0308	1117.5651
2241.6155	1124.7134
2243.2004	1117.2396
2244.7852	1120.7306
2246.3701	1119.3784
2247.9551	1110.3584
2249.5398	1127.42
2251.1248	1115.5325
2252.7097	1112.4609
2254.2944	1122.524
2255.8794	1125.4995
2257.4641	1118.3594
2259.0491	1122.8495
2260.634	1121.4558
2262.2188	1116.7715
2263.8037	1118.829
2265.3884	1118.6729
2266.9734	1116.322
2268.5583	1118.8875
2270.1431	1113.8
2271.728	1110.1234
2273.313	1114.5553
2274.8977	1111.9554
2276.4827	1110.6927
2278.0674	1110.8571
2279.6523	1102.5963
2281.2373	1119.457
2282.822	1107.4471
2284.407	1110.647
2285.9917	1114.5128
2287.5767	1110.5082
2289.1616	1129.4152
2290.7463	1130.6379
2292.3313	1101.2235
2293.9163	1110.8202
2295.501	1123.5601
2297.0859	1118.3287
2298.6707	1120.7571
2300.2556	1114.6223
2301.8406	1114.6588
2303.4253	1111.8611
2305.0103	1120.1235
2306.595	1113.8026
2308.1799	1112.2616
2309.7649	1107.1096
2311.3496	1108.098
2312.9346	1113.9091
2314.5195	1119.4152
2316.1042	1112.7104
2317.6892	1116.7456
2319.2739	1118.2284
2320.8589	1121.1567
2322.4438	1119.4263
2324.0286	1114.3137
2325.6135	1117.334
2327.1982	1112.6071
2328.7832	1112.7919
2330.3682	1111.3573
2331.9529	1110.1505
2333.5378	1120.1788
2335.1228	1106.0364
2336.7075	1107.8723
2338.2925	1109.0472
2339.8772	1106.2756
2341.4622	1112.4199
2343.0471	1104.3923
2344.6318	1124.0339
2346.2168	1111.2108
2347.8018	1101.2938
2349.3865	1113.5345
2350.9714	1104.9906
2352.5562	1114.6776
2354.1411	1114.8804
2355.7261	1109.293
2357.3108	1111.1176
2358.8958	1109.0188
2360.4805	1107.3405
2362.0654	1121.3877
2363.6504	1107.1652
2365.2351	1109.3547
2366.8201	1101.8872
2368.405	1097.6049
2369.9897	1117.0989
2371.5747	1111.3762
2373.1594	1110.8787
2374.7444	1115.9246
2376.3293	1115.3195
2377.9141	1111.6134
2379.499	1109.8113
2381.0837	1119.0045
2382.6687	1102.9377
2384.2537	1107.4358
2385.8384	1119.2443
2387.4233	1114.7891
2389.0083	1103.1288
2390.593	1106.7748
2392.178	1103.7334
2393.7627	1110.1569
2395.3477	1104.0767
2396.9326	1114.9578
2398.5173	1112.7091
2400.1023	1117.6855
2401.687	1113.2361
2403.272	1105.7003
2404.8569	1119.2842
2406.4417	1112.6726
2408.0266	1098.2814
2409.6116	1114.8186
2411.1963	1101.6322
2412.7813	1108.8455
2414.366	1110.085
2415.9509	1110.0392
2417.5359	1103.3134
2419.1206	1114.3936
2420.7056	1107.045
2422.2903	1107.0933
2423.8752	1106.0231
2425.4602	1106.1559
2427.0449	1100.568
2428.6299	1091.2137
2430.2148	1094.2844
2431.7996	1109.1356
2433.3845	1104.4969
2434.9692	1099.6082
2436.5542	1106.4622
2438.1392	1106.1456
2439.7239	1106.8177
2441.3088	1112.5255
2442.8936	1107.0493
2444.4785	1103.1387
2446.0635	1094.0607
2447.6482	1098.4714
2449.2332	1091.7716
2450.8181	1097.2738
2452.4028	1098.7089
2453.9878	1102.3658
2455.5725	1101.3295
2457.1575	1100.4396
2458.7424	1095.0173
2460.3271	1100.0828
2461.9121	1095.647
2463.4968	1089.9293
2465.0818	1099.1924
2466.6667	1086.3903
2468.2515	1092.6819
2469.8364	1102.7179
2471.4214	1344.749
2473.0061	1158.6508
2474.5911	1102.6086
2476.1758	1098.0847
2477.7607	1094.5824
2479.3457	1090.9609
2480.9304	1092.9868
2482.5154	1096.1925
2484.1001	1087.0092
2485.6851	1100.627
2487.27	1095.1167
2488.8547	1094.417
2490.4397	1099.488
2492.0247	1093.1545
2493.6094	1097.8203
2495.1943	1117.7732
2496.7791	1104.5017
2498.364	1098.366
2499.949	1102.6934
2501.5337	1101.7833
2503.1187	1093.6549
2504.7034	1091.7241
2506.2883	1091.1578
2507.8733	1093.9174
2509.458	1098.7461
2511.043	1094.4926
2512.6279	1092.4089
2514.2126	1082.7001
2515.7976	1083.9094
2517.3823	1079.9027
2518.9673	1091.2933
2520.5522	1104.2483
2522.137	1102.7546
2523.7219	1091.6656
2525.3066	1089.9528
2526.8916	1094.5681
2528.4766	1084.3636
2530.0613	1085.8656
2531.6462	1090.2625
2533.2312	1088.4132
2534.8159	1092.7253
2536.4009	1098.0054
2537.9856	1095.6316
2539.5706	1092.677
2541.1555	1092.0326
2542.7402	1083.9174
2544.3252	1084.7642
2545.9099	1090.3281
2547.4949	1098.2028
2549.0798	1088.556
2550.6646	1093.5856
2552.2495	1098.0629
2553.8345	1092.9952
2555.4192	1086.1061
2557.0042	1082.1738
2558.5889	1080.5642
2560.1738	1093.2448
2561.7588	1100.9836
2563.3435	1097.7628
2564.9285	1089.2723
2566.5132	1083.608
2568.0981	1091.6958
2569.6831	1093.3296
2571.2678	1083.4546
2572.8528	1075.4019
2574.4377	1088.5367
2576.0225	1094.9222
2577.6074	1083.1003
2579.1921	1079.0668
2580.7771	1080.9591
2582.3621	1078.713
2583.9468	1087.2749
2585.5317	1081.5807
2587.1165	1089.8464
2588.7014	1091.0592
2590.2864	1079.3794
2591.8711	1082.6553
2593.4561	1073.7679
2595.041	1074.0859
2596.6257	1082.158
2598.2107	1081.4167
2599.7954	1076.9462
2601.3804	1085.5555
2602.9653	1090.3842
2604.55	1083.493
2606.135	1081.9327
2607.7197	1071.0647
2609.3047	1084.1577
2610.8896	1234.6403
2612.4744	1102.2919
2614.0593	1077.3068
2615.6443	1073.1971
2617.229	1073.9442
2618.814	1072.6034
2620.3987	1080.2599
2621.9836	1092.4681
2623.5686	1078.2469
2625.1533	1082.5703
2626.7383	1072.6555
2628.323	1084.6615
2629.908	1084.9222
2631.4929	1090.1627
2633.0776	1089.7125
2634.6626	1085.4056
2636.2476	1074.5005
2637.8323	1074.2975
2639.4172	1078.328
2641.002	1072.6331
2642.5869	1082.1461
2644.1719	1085.4243
2645.7566	1078.2272
2647.3416	1073.0093
2648.9263	1068.1578
2650.5112	1072.1667
2652.0962	1075.5204
2653.6809	1075.4556
2655.2659	1077.042
2656.8508	1062.0166
2658.4355	1073.777
2660.0205	1075.209
2661.6052	1059.0027
2663.1902	1075.8053
2664.7751	1080.6681
2666.3599	1073.3274
2667.9448	1067.9219
2669.5295	1068.0607
2671.1145	1065.9406
2672.6995	1069.7391
2674.2842	1067.293
2675.8691	1070.082
2677.4541	1067.5156
2679.0388	1061.0848
2680.6238	1063.9327
2682.2085	1058.6584
2683.7935	1053.485
2685.3784	1059.8899
2686.9631	1064.1146
2688.5481	1071.7581
2690.1328	1067.2347
2691.7178	1057.8456
2693.3027	1055.0516
2694.8875	1066.131
2696.4724	1064.0806
2698.0574	1068.7552
2699.6421	1069.72
2701.2271	1054.8488
2702.8118	1067.2026
2704.3967	1063.1783
2705.9817	1070.3593
2707.5664	1058.0376
2709.1514	1061.3688
2710.7361	1058.9204
2712.321	1056.8608
2713.906	1056.7949
2715.4907	1059.6069
2717.0757	1065.6257
2718.6606	1056.8262
2720.2454	1047.9692
2721.8303	1069.918
2723.415	1061.2391
2725	1050.8728
2726.585	1048.1509
2728.1697	1053.5101
2729.7546	1042.6323
2731.3394	1053.4133
2732.9243	1063.1837
2734.5093	1057.838
2736.094	1061.3817
2737.679	1060.764
2739.2639	1052.4442
2740.8486	1055.2947
2742.4336	1044.4913
2744.0183	1053.6897
2745.6033	1051.9724
2747.1882	1055.7617
2748.7729	1050.7235
2750.3579	1057.9254
2751.9426	1066.907
2753.5276	1057.2472
2755.1125	1064.0919
2756.6973	1054.0887
2758.2822	1047.1641
2759.8672	1057.1563
2761.4519	1058.4708
2763.0369	1054.532
2764.6216	1048.5314
2766.2065	1051.8351
2767.7915	1052.9558
2769.3762	1055.5732
2770.9612	1049.374
2772.5459	1056.5037
2774.1309	1054.3416
2775.7158	1054.6071
2777.3005	1051.1685
2778.8855	1044.4679
2780.4705	1044.8802
2782.0552	1040.301
2783.6401	1033.5945
2785.2249	1034.5494
2786.8098	1040.3899
2788.3948	1042.6848
2789.9795	1054.8695
2791.5645	1050.0781
2793.1492	1043.5367
2794.7341	1055.3961
2796.3191	1043.2144
2797.9038	1049.3523
2799.4888	1040.3116
2801.0737	1040.9696
2802.6584	1032.6207
2804.2434	1032.6967
2805.8281	1037.5657
2807.4131	1041.5573
2808.998	1026.537
2810.5828	1038.2803
2812.1677	1046.8564
2813.7524	1033.5854
2815.3374	1033.132
2816.9224	1034.4507
2818.5071	1041.9449
2820.092	1038.9623
2821.677	1037.0444
2823.2617	1037.5745
2824.8467	1042.165
2826.4314	1039.4502
2828.0164	1040.5541
2829.6013	1029.0626
2831.186	1030.8376
2832.771	1024.4047
2834.3557	1036.9283
2835.9407	1039.3562
2837.5256	1032.2421
2839.1104	1029.3085
2840.6953	1029.9381
2842.2803	1031.3683
2843.865	1035.3685
2845.45	1032.4105
2847.0347	1039.6097
2848.6196	1032.6735
2850.2046	1048.9103
2851.7893	1041.078
2853.3743	1035.8882
2854.959	1033.3813
2856.5439	1042.6757
2858.1289	1041.3693
2859.7136	1026.5234
2861.2986	1027.1359
2862.8835	1019.5266
2864.4683	1026.0415
2866.0532	1034.2045
2867.6379	1030.2382
2869.2229	1021.0126
2870.8079	1033.0082
2872.3926	1028.2156
2873.9775	1026.8198
2875.5623	1016.4286
2877.1472	1024.6267
2878.7322	1031.1187
2880.3169	1036.0303
2881.9019	1032.4119
2883.4868	1028.9528
2885.0715	1127.0931
2886.6565	1203.3737
2888.2412	1075.2706
2889.8262	1028.5712
2891.4111	1025.2839
2892.9958	1015.4816
2894.5808	1031.0945
2896.1655	1022.6308
2897.7505	1017.585
2899.3354	1026.9543
2900.9202	1023.9778
2902.5051	1025.4398
2904.0901	1024.7338
2905.6748	1029.7271
2907.2598	1028.9183
2908.8445	1008.8996
2910.4294	1016.296
2912.0144	1018.8926
2913.5991	1023.3878
2915.1841	1020.9971
2916.7688	1013.7675
2918.3538	1006.5953
2919.9387	1010.2769
2921.5234	1000.8516
2923.1084	1012.2128
2924.6934	1014.0131
2926.2781	1024.381
2927.863	1020.5656
2929.4478	1017.294
2931.0327	1010.1926
2932.6177	1028.0553
2934.2024	1016.1945
2935.7874	1016.7588
2937.3721	1014.5883
2938.957	1020.0958
2940.542	1013.0193
2942.1267	1019.7014
2943.7117	1009.2886
2945.2966	1006.0463
2946.8813	1005.0076
2948.4663	1008.6083
2950.051	1001.4492
2951.636	1016.1647
2953.2209	1024.1104
2954.8057	1017.0795
2956.3906	1018.6876
2957.9753	1007.7296
2959.5603	999.75385
2961.1453	1014.7328
2962.73	1013.3071
2964.3149	998.42249
2965.8999	1004.8683
2967.4846	1014.7142
2969.0696	1019.0656
2970.6543	1017.414
2972.2393	1006.4143
2973.8242	1010.9755
2975.4089	1000.5609
2976.9939	1001.0385
2978.5786	1012.8956
2980.1636	1010.0566
2981.7485	994.66272
2983.3333	1007.7761
2984.9182	1014.8364
2986.5032	1010.7022
2988.0879	1013.2025
2989.6729	1011.7339
2991.2576	1003.0988
2992.8425	1012.2484
2994.4275	1008.6016
2996.0122	1010.1312
2997.5972	1015.9775
2999.1819	1008.704
3000.7668	1002.3112
3002.3518	996.7066
3003.9365	1010.1595
3005.5215	1013.7164
3007.1064	1002.2955
3008.6912	1011.8198
3010.2761	1016.3364
3011.8608	998.38599
3013.4458	996.53528
3015.0308	1000.2931
3016.6155	1009.4354
3018.2004	1002.794
3019.7852	1001.8296
3021.3701	1002.7382
3022.9551	989.95697
3024.5398	1001.8248
3026.1248	1007.8125
3027.7097	997.84259
3029.2944	999.27075
3030.8794	1001.6911
3032.4641	1010.3262
3034.0491	1008.3117
3035.634	997.8316
3037.2188	997.92657
3038.8037	995.04889
3040.3884	998.95551
3041.9734	1010.1366
3043.5583	1016.8533
3045.1431	1004.421
3046.728	1006.416
3048.313	1008.1176
3049.8977	1007.1429
3051.4827	1001.2178
3053.0674	1015.4594
3054.6523	1017.952
3056.2373	1023.9697
3057.822	1026.8375
3059.407	1031.6017
3060.9917	1028.0195
3062.5767	1039.4688
3064.1616	1042.9783
3065.7463	1052.1256
3067.3313	1057.3364
3068.9163	1059.6554
3070.501	1063.1995
3072.0859	1063.8864
3073.6707	1060.8667
3075.2556	1058.0281
3076.8406	1033.9679
3078.4253	1038.4891
3080.0103	1022.5904
3081.595	1025.1204
3083.1799	1016.9345
3084.7649	1005.478
3086.3496	1028.7959
3087.9346	1019.6249
3089.5195	1015.4785
3091.1042	1011.7106
3092.6892	1009.3409
3094.2739	1008.4997
3095.8589	1012.1398
3097.4438	1009.9397
3099.0286	999.02222
3100.6135	1001.0057
3102.1982	994.12299
3103.7832	997.1062
3105.3682	998.09363
3106.9529	1004.7511
3108.5378	1005.4487
3110.1228	1007.6084
3111.7075	991.96826
3113.2925	1002.7245
3114.8772	995.36963
3116.4622	997.94879
3118.0471	1008.5272
3119.6318	999.65576
3121.2168	982.43402
3122.8018	993.6781
3124.3865	997.94043
3125.9714	988.68042
3127.5562	1001.8287
3129.1411	1008.3087
3130.7261	997.58453
3132.3108	991.72113
3133.8958	987.48798
3135.4805	990.2179
3137.0654	989.15948
3138.6504	1003.5662
3140.2351	998.82562
3141.8201	999.51282
3143.405	992.53351
3144.9897	995.80591
3146.5747	989.95758
3148.1594	996.93573
3149.7444	988.03363
3151.3293	982.86499
3152.9141	996.35834
3154.499	996.79828
3156.0837	993.74615
3157.6687	996.98218
3159.2537	996.20435
3160.8384	993.96991
3162.4233	992.39612
3164.0083	994.19525
3165.593	990.93536
3167.178	982.55939
3168.7627	994.68805
3170.3477	995.33472
3171.9326	995.15686
3173.5173	995.60193
3175.1023	983.05396
3176.687	982.74207
3178.272	988.91614
3179.8569	975.82471
3181.4417	988.17407
3183.0266	989.97925
3184.6116	985.71228
3186.1963	978.7179
3187.7813	995.42078
3189.366	981.49365
3190.9509	977.65485
3192.5359	979.34277
3194.1206	979.74548
3195.7056	977.20502
3197.2903	977.02673
3198.8752	972.91876
3200.4602	973.73206
3202.0449	994.85638
3203.6299	989.57245
3205.2148	989.56683
3206.7996	969.62646
3208.3845	973.74243
3209.9692	974.39453
3211.5542	976.27216
3213.1392	972.1828
3214.7239	975.28088
3216.3088	973.25098
3217.8936	975.98883
3219.4785	971.94806
3221.0635	970.67261
3222.6482	983.58533
3224.2332	987.00226
3225.8181	982.08929
3227.4028	965.65399
3228.9878	972.49188
3230.5725	965.91248
3232.1575	973.74017
3233.7424	967.32892
3235.3271	967.43268
3236.9121	964.54181
3238.4968	972.85876
3240.0818	970.52075
3241.6667	970.43652
3243.2515	973.00714
3244.8364	972.19385
3246.4214	964.5932
3248.0061	961.65955
3249.5911	967.96564
3251.1758	963.83392
3252.7607	966.93848
3254.3457	961.7597
3255.9304	966.3598
3257.5154	979.16089
3259.1001	969.98676
3260.6851	967.94556
3262.27	967.37219
3263.8547	971.51685
3265.4397	964.81042
3267.0247	974.41827
3268.6094	958.69458
3270.1943	977.28711
3271.7791	963.42432
3273.364	957.68268
3274.949	962.47913
3276.5337	958.08044
3278.1187	965.28937
3279.7034	970.48511
3281.2883	966.29456
3282.8733	963.77246
3284.458	963.64423
3286.043	969.95068
3287.6279	971.29193
3289.2126	972.97394
3290.7976	956.75256
3292.3823	970.67499
3293.9673	972.31653
3295.5522	968.93207
3297.137	957.88733
3298.7219	966.31793
3300.3066	959.73041
3301.8916	959.83502
3303.4766	963.87781
3305.0613	957.81458
3306.6462	968.19733
3308.2312	974.34808
3309.8159	969.00824
3311.4009	962.24902
3312.9856	968.78821
3314.5706	959.50012
3316.1555	958.76526
3317.7402	967.5188
3319.3252	960.14636
3320.9099	964.19147
3322.4949	960.32111
3324.0798	964.11383
3325.6646	963.34619
3327.2495	956.17694
3328.8345	963.47327
3330.4192	951.72943
3332.0042	951.52618
3333.5889	953.03955
3335.1738	955.38324
3336.7588	959.23944
3338.3435	957.90405
3339.9285	967.42993
3341.5132	965.97601
3343.0981	960.39459
3344.6831	956.27039
3346.2678	955.26776
3347.8528	954.35986
3349.4377	951.61987
3351.0225	957.76453
3352.6074	956.53564
3354.1921	949.37048
3355.7771	957.28418
3357.3621	944.90924
3358.9468	946.85767
3360.5317	957.37225
3362.1165	953.3714
3363.7014	960.5918
3365.2864	952.35907
3366.8711	941.37146
3368.4561	948.2049
3370.041	959.67102
3371.6257	945.42938
3373.2107	948.80035
3374.7954	948.94855
3376.3804	943.34821
3377.9653	948.90961
3379.55	950.54346
3381.135	943.66418
3382.7197	944.54291
3384.3047	945.70026
3385.8896	955.66785
3387.4744	951.65906
3389.0593	953.07843
3390.6443	941.73608
3392.229	944.9256
3393.814	946.20422
3395.3987	954.54974
3396.9836	950.4765
3398.5686	952.06653
3400.1533	944.30164
3401.7383	937.33075
3403.323	937.21667
3404.908	942.02509
3406.4929	947.23395
3408.0776	938.8855
3409.6626	942.56171
3411.2476	946.19092
3412.8323	951.14551
3414.4172	949.70325
3416.002	936.30292
3417.5869	951.21442
3419.1719	946.29321
3420.7566	934.89404
3422.3416	938.92798
3423.9263	936.35913
3425.5112	947.53595
3427.0962	933.27283
3428.6809	950.94238
3430.2659	938.38983
3431.8508	949.32721
3433.4355	937.90582
3435.0205	931.18042
3436.6052	945.72534
3438.1902	939.85498
3439.7751	931.68652
3441.3599	938.72186
3442.9448	931.88062
3444.5295	942.59015
3446.1145	942.51056
3447.6995	935.8692
3449.2842	940.91229
3450.8691	925.28625
3452.4541	935.85248
3454.0388	927.5827
3455.6238	931.60571
3457.2085	930.07068
3458.7935	929.80853
3460.3784	931.93005
3461.9631	926.00391
3463.5481	924.36108
3465.1328	931.08771
3466.7178	938.49255
3468.3027	927.23901
3469.8875	924.90564
3471.4724	930.39899
3473.0574	925.49158
3474.6421	933.09851
3476.2271	920.46588
3477.8118	923.2793
3479.3967	925.86639
3480.9817	925.40002
3482.5664	929.6286
3484.1514	932.18475
3485.7361	930.62018
3487.321	923.94458
3488.906	928.86041
3490.4907	922.07086
3492.0757	922.92151
3493.6606	918.98523
3495.2454	932.81201
3496.8303	928.08893
3498.415	927.61835
3500	938.94946
