400	1039.3268
401.58487	1034.8542
403.16974	1044.1107
404.75461	1042.1935
406.33948	1040.1716
407.92435	1041.4692
409.50922	1036.1613
411.09406	1040.665
412.67892	1040.3739
414.26379	1053.2592
415.84866	1049.4581
417.43353	1044.6554
419.0184	1038.387
420.60327	1039.8014
422.18814	1038.6846
423.77301	1047.1632
425.35788	1035.2638
426.94275	1037.2953
428.52762	1040.4694
430.11249	1043.4337
431.69733	1043.022
433.2822	1048.3142
434.86707	1041.772
436.45193	1038.4775
438.0368	1048.5104
439.62167	1052.663
441.20654	1048.621
442.79141	1049.0316
444.37628	1046.2782
445.96115	1040.8313
447.54602	1035.015
449.13089	1033.9294
450.71576	1041.155
452.30063	1042.3363
453.88547	1039.6726
455.47034	1041.3682
457.05521	1037.7747
458.64008	1038.7651
460.22495	1047.3759
461.80981	1050.5077
463.39468	1044.5819
464.97955	1049.2964
466.56442	1046.434
468.14929	1041.7787
469.73416	1044.1497
471.31903	1056.275
472.9039	1045.2449
474.48874	1031.118
476.07361	1036.6234
477.65848	1038.6877
479.24335	1044.0474
480.82822	1044.599
482.41309	1049.6501
483.99796	1045.5782
485.58282	1035.1392
487.16769	1045.4819
488.75256	1054.7454
490.33743	1036.2168
491.9223	1031.4979
493.50717	1048.4967
495.09201	1049.5244
496.67688	1052.6052
498.26175	1044.1508
499.84662	1034.7876
501.43149	1042.4778
503.01636	1041.1375
504.60123	1047.656
506.1861	1054.1625
507.77097	1053.8359
509.35583	1042.3893
510.9407	1048.2858
512.52557	1051.7184
514.11041	1045.1959
515.69531	1047.4915
517.28015	1052.8241
518.86505	1051.9176
520.44989	1046.297
522.03479	1047.5079
523.61963	1053.3115
525.20453	1045.1885
526.78937	1050.5369
528.37421	1057.0548
529.95911	1048.5054
531.54395	1047.6116
533.12885	1053.9235
534.71368	1046.4135
536.29858	1049.0795
537.88342	1049.614
539.46832	1045.7881
541.05316	1041.7086
542.63806	1033.1804
544.2229	1038.351
545.8078	1042.0438
547.39264	1049.845
548.97748	1049.9829
550.56238	1039.7069
552.14722	1043.47
553.73212	1037.1533
555.31696	1033.7831
556.90186	1028.7319
558.48669	1027.4905
560.07159	1041.952
561.65643	1056.8706
563.24133	1057.7035
564.82617	1044.8159
566.41107	1034.5447
567.99591	1041.6499
569.58075	1051.0979
571.16565	1044.4285
572.75049	1043.3545
574.33539	1045.6124
575.92023	1039.6135
577.50513	1030.3141
579.08997	1044.3961
580.67487	1040.5822
582.2597	1043.6581
583.8446	1051.1012
585.42944	1047.1307
587.01434	1034.5504
588.59918	1036.7782
590.18402	1046.9661
591.76892	1046.108
593.35376	1057.8385
594.93866	1062.6899
596.5235	1046.7855
598.1084	1041.6737
599.69324	1049.9922
601.27814	1045.9065
602.86298	1042.2615
604.44788	1040.8058
606.03271	1043.8865
607.61761	1042.9032
609.20245	1047.3365
610.78729	1047.7844
612.37219	1040.085
613.95703	1049.9714
615.54193	1037.4054
617.12677	1041.118
618.71167	1040.4991
620.29651	1035.486
621.88141	1048.0813
623.46625	1048.52
625.05115	1030.2555
626.63599	1036.509
628.22089	1031.5189
629.80573	1036.8351
631.39056	1035.2712
632.97546	1050.7813
634.5603	1046.0493
636.1452	1041.5548
637.73004	1044.2562
639.31494	1038.9092
640.89978	1039.4122
642.48468	1037.6362
644.06952	1037.7222
645.65442	1048.4591
647.23926	1048.3044
648.82416	1042.8544
650.409	1045.4209
651.99384	1047.3519
653.57874	1044.4666
655.16357	1040.6614
656.74847	1043.7722
658.33331	1049.0903
659.91821	1051.5054
661.50305	1053.2197
663.08795	1041.7485
664.67279	1044.3502
666.25769	1051.701
667.84253	1041.4202
669.42743	1032.8281
671.01227	1043.4065
672.59711	1055.4409
674.18201	1044.6133
675.76685	1043.6433
677.35175	1052.2007
678.93658	1052.2787
680.52148	1034.25
682.10632	1044.45
683.69122	1037.3195
685.27606	1041.1846
686.86096	1045.5902
688.4458	1040.0419
690.0307	1046.2837
691.61554	1036.5658
693.20044	1042.0634
694.78528	1038.0081
696.37012	1029.5028
697.95502	1039.7543
699.53986	1040.7129
701.12476	1033.0717
702.70959	1045.9976
704.29449	1040.3336
705.87933	1028.9415
707.46423	1032.1908
709.04907	1041.0115
710.63397	1030.7292
712.21881	1033.5104
713.80371	1037.5299
715.38855	1035.715
716.97339	1039.3293
718.55829	1027.6676
720.14313	1030.0007
721.72803	1035.2144
723.31287	1040.3832
724.89777	1034.2162
726.4826	1038.6079
728.0675	1032.9907
729.65234	1040.4099
731.23724	1041.6685
732.82208	1033.3805
734.40698	1041.7429
735.99182	1044.9236
737.57666	1041.0277
739.16156	1041.7373
740.7464	1040.3766
742.3313	1036.7484
743.91614	1035.1904
745.50104	1035.1135
747.08588	1038.3021
748.67078	1040.1621
750.25562	1043.859
751.84052	1036.2823
753.42535	1045.5026
755.01025	1042.8732
756.59509	1044.0013
758.17993	1049.6814
759.76483	1048.7354
761.34967	1036.7021
762.93457	1036.6459
764.51941	1035.547
766.10431	1038.0565
767.68915	1053.9236
769.27405	1050.8607
770.85889	1046.0511
772.44379	1050.0208
774.02863	1047.0492
775.61353	1045.2029
777.19836	1047.8409
778.7832	1055.3759
780.3681	1046.7045
781.95294	1037.0509
783.53784	1042.0449
785.12268	1048.2869
786.70758	1053.8844
788.29242	1044.1254
789.87732	1031.9142
791.46216	1032.4181
793.04706	1040.5526
794.6319	1042.434
796.2168	1042.8643
797.80164	1046.8793
799.38647	1039.9156
800.97137	1044.1006
802.55621	1046.874
804.14111	1051.1541
805.72595	1039.8768
807.31085	1044.9989
808.89569	1043.1212
810.48059	1035.7676
812.06543	1048.7798
813.65033	1047.3186
815.23517	1038.8411
816.82007	1031.9319
818.40491	1036.4915
819.98975	1034.1508
821.57465	1041.9291
823.15948	1044.9147
824.74438	1041.5304
826.32922	1040.9899
827.91412	1031.4709
829.49896	1041.4773
831.08386	1049.5547
832.6687	1044.3995
834.2536	1044.7455
835.83844	1043.9858
837.42334	1042.5681
839.00818	1038.8014
840.59302	1042.6121
842.17792	1045.7145
843.76276	1041.916
845.34766	1048.2208
846.9325	1050.4944
848.5174	1049.2072
850.10223	1052.1887
851.68713	1054.2402
853.27197	1054.9769
854.85687	1045.4089
856.44171	1044.9048
858.02661	1045.5372
859.61145	1047.2231
861.19629	1052.278
862.78119	1054.4893
864.36603	1058.2773
865.95093	1052.5693
867.53577	1042.7532
869.12067	1045.5757
870.70551	1045.7147
872.29041	1047.7369
873.87524	1051.1891
875.46014	1051.9576
877.04498	1049.5243
878.62988	1048.6151
880.21472	1049.1804
881.79956	1043.9268
883.38446	1047.2449
884.9693	1043.3901
886.5542	1040.8119
888.13904	1050.3693
889.72394	1049.3918
891.30878	1043.3556
892.89368	1047.4332
894.47852	1043.7494
896.06342	1049.6868
897.64825	1055.2083
899.23315	1046.9127
900.81799	1052.9938
902.40289	1056.4703
903.98773	1050.0663
905.57257	1050.3179
907.15747	1058.3134
908.74231	1052.0531
910.32721	1047.5465
911.91205	1046.0137
913.49695	1035.7374
915.08179	1052.0804
916.66669	1055.7427
918.25153	1048.3308
919.83643	1047.1868
921.42126	1049.4036
923.00616	1044.3009
924.591	1048.354
926.17584	1045.3207
927.76074	1047.3905
929.34558	1048.7915
930.93048	1044.6338
932.51532	1047.1575
934.10022	1045.8672
935.68506	1053.0096
937.26996	1043.0745
938.8548	1044.9008
940.4397	1051.0374
942.02454	1051.1584
943.60944	1046.5233
945.19427	1051.0955
946.77911	1047.588
948.36401	1052.6759
949.94885	1050.9908
951.53375	1065.0524
953.11859	1059.8881
954.70349	1066.5092
956.28833	1054.9607
957.87323	1055.4961
959.45807	1057.8944
961.04297	1071.2954
962.62781	1073.0575
964.21271	1066.5692
965.79755	1064.7546
967.38239	1071.8374
968.96729	1070.5806
970.55212	1073.6945
972.13702	1072.1489
973.72186	1068.3325
975.30676	1077.0236
976.8916	1076.084
978.4765	1079.5266
980.06134	1081.5786
981.64624	1078.8802
983.23108	1085.691
984.81598	1079.6854
986.40082	1076.3988
987.98566	1083.8884
989.57056	1094.3142
991.1554	1093.9031
992.7403	1097.0129
994.32513	1092.3329
995.91003	1091.2654
997.49487	1094.5236
999.07977	1089.1743
1000.6646	1083.699
1002.2495	1079.3406
1003.8344	1076.6356
1005.4193	1081.6324
1007.0041	1102.2762
1008.5889	1101.0122
1010.1738	1100.3862
1011.7587	1090.9749
1013.3436	1080.8107
1014.9284	1073.5887
1016.5133	1073.9615
1018.0981	1077.1016
1019.683	1081.9735
1021.2679	1083.2412
1022.8528	1083.6578
1024.4376	1078.6007
1026.0225	1075.5819
1027.6074	1082.5039
1029.1923	1081.91
1030.7771	1080.3339
1032.3619	1087.2659
1033.9468	1088.9373
1035.5317	1089.5122
1037.1166	1088.353
1038.7014	1086.5652
1040.2863	1081.0106
1041.8712	1084.509
1043.4561	1100.4724
1045.0409	1090.9034
1046.6257	1080.6836
1048.2107	1090.2887
1049.7955	1091.7513
1051.3804	1092.0813
1052.9652	1084.2693
1054.55	1071.4238
1056.135	1082.0172
1057.7198	1086.6636
1059.3047	1079.524
1060.8895	1077.1536
1062.4745	1075.9663
1064.0593	1080.3844
1065.6442	1076.5369
1067.229	1074.0356
1068.814	1083.3035
1070.3988	1088.7847
1071.9836	1094.2662
1073.5685	1078.5663
1075.1533	1078.1091
1076.7383	1079.4629
1078.3231	1088.9581
1079.908	1079.4559
1081.4928	1080.0844
1083.0778	1083.8799
1084.6626	1075.5647
1086.2474	1080.0509
1087.8323	1078.2094
1089.4172	1075.9291
1091.0021	1074.3123
1092.5869	1064.76
1094.1718	1070.2477
1095.7566	1067.2463
1097.3416	1073.106
1098.9264	1082.526
1100.5112	1082.1495
1102.0961	1063.6467
1103.681	1073.6401
1105.2659	1072.2806
1106.8507	1060.2438
1108.4355	1068.0269
1110.0205	1069.8107
1111.6053	1081.0027
1113.1902	1100.0907
1114.775	1137.308
1116.3599	1215.2671
1117.9448	1278.7926
1119.5297	1289.5828
1121.1145	1255.8551
1122.6993	1193.092
1124.2843	1129.7845
1125.8691	1093.771
1127.454	1065.6119
1129.0388	1062.3514
1130.6238	1055.6643
1132.2086	1064.6755
1133.7935	1068.2697
1135.3783	1065.1953
1136.9631	1055.6649
1138.5481	1049.309
1140.1329	1060.7671
1141.7178	1070.9346
1143.3026	1073.0885
1144.8876	1064.313
1146.4724	1060.2367
1148.0573	1067.6635
1149.6421	1060.2456
1151.2271	1059.4932
1152.8119	1052.1346
1154.3967	1056.0985
1155.9816	1060.5109
1157.5664	1062.2596
1159.1514	1063.3853
1160.7362	1061.391
1162.321	1062.5127
1163.9059	1059.7664
1165.4908	1067.1642
1167.0757	1060.2061
1168.6605	1061.1642
1170.2454	1057.8051
1171.8303	1054.7191
1173.4152	1063.7529
1175	1066.0704
1176.5848	1065.6608
1178.1697	1072.4735
1179.7546	1063.8729
1181.3395	1053.6266
1182.9243	1058.1788
1184.5092	1065.0504
1186.0941	1060.1045
1187.679	1055.9514
1189.2638	1064.854
1190.8486	1063.291
1192.4336	1068.8695
1194.0184	1063.9767
1195.6033	1073.4283
1197.1881	1063.2894
1198.7729	1056.3745
1200.3579	1064.0902
1201.9427	1069.37
1203.5276	1068.8744
1205.1124	1063.7573
1206.6974	1068.384
1208.2822	1067.8174
1209.8671	1060.4955
1211.4519	1051.9169
1213.0369	1073.4979
1214.6217	1071.0684
1216.2065	1068.3165
1217.7914	1059.0101
1219.3762	1066.3416
1220.9612	1071.056
1222.546	1071.9994
1224.1309	1063.6187
1225.7157	1058.9957
1227.3007	1065.5299
1228.8855	1066.6876
1230.4703	1062.8865
1232.0552	1072.8789
1233.6401	1067.8359
1235.225	1066.5763
1236.8098	1068.8207
1238.3947	1068.5745
1239.9795	1062.0665
1241.5645	1064.6149
1243.1493	1053.6351
1244.7341	1059.0292
1246.319	1061.3972
1247.9039	1055.5261
1249.4888	1047.4098
1251.0736	1047.7135
1252.6584	1053.1505
1254.2434	1053.7834
1255.8282	1064.2133
1257.4131	1064.521
1258.9979	1064.8132
1260.5828	1070.2446
1262.1677	1068.9233
1263.7526	1070.7388
1265.3374	1057.9519
1266.9222	1053.3083
1268.5072	1067.0863
1270.092	1069.3262
1271.6769	1067.2896
1273.2617	1065.2572
1274.8467	1064.3396
1276.4315	1063.6848
1278.0164	1070.1464
1279.6012	1053.9819
1281.186	1061.9065
1282.771	1064.2335
1284.3558	1058.3979
1285.9407	1068.2125
1287.5255	1070.8699
1289.1105	1064.9142
1290.6953	1060.3673
1292.2802	1059.4138
1293.865	1062.451
1295.45	1062.2836
1297.0348	1052.0043
1298.6196	1064.8717
1300.2045	1059.8395
1301.7893	1057.131
1303.3743	1057.3555
1304.9591	1059.9005
1306.5439	1061.4818
1308.1288	1064.5726
1309.7137	1064.116
1311.2986	1063.8535
1312.8834	1054.22
1314.4683	1065.7731
1316.0532	1060.368
1317.6381	1064.8401
1319.2229	1069.8728
1320.8077	1067.4607
1322.3926	1055.8674
1323.9775	1068.835
1325.5624	1063.4146
1327.1472	1060.735
1328.7321	1068.6072
1330.317	1075.3062
1331.9019	1064.5347
1333.4867	1062.79
1335.0715	1066.6559
1336.6565	1066.7975
1338.2413	1063.1304
1339.8262	1062.0604
1341.411	1067.736
1342.9958	1073.4731
1344.5808	1074.6133
1346.1656	1059.2683
1347.7505	1064.343
1349.3353	1064.9453
1350.9203	1078.0846
1352.5051	1070.9969
1354.09	1060.8651
1355.6748	1059.1088
1357.2598	1068.8937
1358.8446	1063.7902
1360.4294	1060.2722
1362.0143	1062.7935
1363.5991	1066.5876
1365.1841	1064.9442
1366.7689	1071.0005
1368.3538	1071.9479
1369.9386	1060.8451
1371.5236	1054.364
1373.1084	1057.9653
1374.6932	1055.9849
1376.2781	1060.6563
1377.863	1056.3561
1379.4479	1063.7601
1381.0327	1058.2511
1382.6176	1067.0562
1384.2025	1079.4174
1385.7874	1070.5605
1387.3722	1071.2471
1388.957	1069.0715
1390.5419	1080.6991
1392.1268	1062.2772
1393.7117	1063.286
1395.2965	1058.8324
1396.8813	1064.8137
1398.4663	1070.5096
1400.0511	1063.7285
1401.636	1066.5981
1403.2208	1070.9492
1404.8058	1063.4789
1406.3906	1066.9961
1407.9755	1056.1638
1409.5603	1064.3335
1411.1451	1069.036
1412.7301	1068.4377
1414.3149	1070.9457
1415.8998	1067.6071
1417.4846	1068.4252
1419.0696	1068.7103
1420.6544	1067.469
1422.2393	1071.7419
1423.8241	1067.4562
1425.4091	1055.3575
1426.9939	1052.1265
1428.5787	1056.8075
1430.1636	1057.8928
1431.7484	1065.1666
1433.3334	1062.7837
1434.9182	1068.7258
1436.5031	1067.8726
1438.0879	1058.061
1439.6729	1067.4994
1441.2577	1059.5314
1442.8425	1063.8777
1444.4274	1066.1829
1446.0123	1068.8928
1447.5972	1068.7657
1449.182	1074.8574
1450.7668	1076.1044
1452.3517	1059.5133
1453.9366	1053.8184
1455.5215	1060.4576
1457.1063	1064.6459
1458.6912	1052.5355
1460.2761	1068.9232
1461.861	1064.9515
1463.4458	1060.9631
1465.0306	1059.8394
1466.6156	1062.303
1468.2004	1073.4285
1469.7853	1063.3678
1471.3701	1071.2086
1472.955	1072.4636
1474.5399	1071.0519
1476.1248	1064.8329
1477.7096	1062.3964
1479.2944	1063.7656
1480.8794	1056.5645
1482.4642	1048.7555
1484.0491	1057.142
1485.6339	1058.6235
1487.2189	1062.9532
1488.8037	1069.8306
1490.3885	1069.9719
1491.9734	1067.5087
1493.5582	1062.4634
1495.1432	1059.4669
1496.728	1064.897
1498.3129	1071.3225
1499.8977	1063.8107
1501.4827	1060.1643
1503.0675	1062.8539
1504.6523	1064.2825
1506.2372	1076.8035
1507.8221	1059.9017
1509.407	1059.1241
1510.9918	1082.9475
1512.5767	1063.0476
1514.1615	1060.3809
1515.7465	1051.3798
1517.3313	1067.2939
1518.9161	1065.2797
1520.501	1057.8013
1522.0859	1072.0964
1523.6708	1066.8931
1525.2556	1065.8651
1526.8405	1068.6898
1528.4254	1071.0564
1530.0103	1065.7623
1531.5951	1064.9508
1533.1799	1063.6758
1534.7648	1072.5071
1536.3497	1076.212
1537.9346	1063.0397
1539.5194	1067.3629
1541.1042	1053.3384
1542.6892	1069.8953
1544.274	1068.6436
1545.8589	1072.0017
1547.4437	1073.7412
1549.0287	1070.5217
1550.6135	1070.5177
1552.1984	1061.5194
1553.7832	1058.6705
1555.368	1063.3798
1556.953	1070.6322
1558.5378	1063.0546
1560.1227	1064.8964
1561.7075	1057.7123
1563.2925	1055.531
1564.8773	1064.052
1566.4622	1076.9598
1568.047	1064.3425
1569.632	1068.3505
1571.2168	1074.3291
1572.8016	1068.8641
1574.3865	1076.7582
1575.9713	1064.975
1577.5563	1068.2408
1579.1411	1072.6205
1580.726	1064.5507
1582.3108	1061.7638
1583.8958	1068.2
1585.4806	1064.5654
1587.0654	1062.1111
1588.6503	1066.324
1590.2352	1065.309
1591.8201	1073.9175
1593.4049	1066.9261
1594.9897	1070.8239
1596.5746	1070.9823
1598.1595	1078.8774
1599.7444	1078.2937
1601.3292	1073.4377
1602.9141	1072.5421
1604.499	1071.6683
1606.0839	1070.4556
1607.6687	1065.0048
1609.2535	1070.1418
1610.8385	1078.3832
1612.4233	1073.1788
1614.0082	1088.1173
1615.593	1071.3668
1617.1779	1072.0138
1618.7628	1074.3647
1620.3477	1059.9539
1621.9325	1055.2311
1623.5173	1062.7069
1625.1023	1065.958
1626.6871	1074.1389
1628.272	1067.7478
1629.8568	1070.3773
1631.4418	1066.915
1633.0266	1076.7709
1634.6115	1066.0895
1636.1963	1071.2743
1637.7811	1071.3134
1639.3661	1068.4021
1640.9509	1068.9048
1642.5358	1066.9635
1644.1206	1069.4363
1645.7056	1076.4641
1647.2904	1066.4442
1648.8752	1071.2705
1650.4601	1076.2465
1652.045	1073.6781
1653.6299	1056.9952
1655.2147	1066.1729
1656.7996	1079.2489
1658.3844	1076.9927
1659.9694	1072.5405
1661.5542	1071.6235
1663.139	1079.3235
1664.7239	1061.8911
1666.3088	1064.3705
1667.8937	1066.2682
1669.4785	1066.1963
1671.0634	1064.8464
1672.6483	1076.266
1674.2332	1071.4596
1675.818	1061.136
1677.4028	1060.5039
1678.9877	1064.048
1680.5726	1077.0413
1682.1575	1073.5845
1683.7423	1070.7202
1685.3271	1065.6643
1686.9121	1072.5964
1688.4969	1065.9836
1690.0818	1064.0997
1691.6666	1063.4154
1693.2516	1072.147
1694.8364	1074.3314
1696.4213	1070.5787
1698.0061	1077.5366
1699.5909	1071.6533
1701.1759	1068.7283
1702.7607	1066.7954
1704.3456	1071.3635
1705.9304	1071.8987
1707.5154	1075.7175
1709.1002	1082.6044
1710.6851	1065.447
1712.2699	1074.3567
1713.8549	1067.3346
1715.4397	1076.0511
1717.0245	1077.4561
1718.6094	1077.7456
1720.1942	1075.3193
1721.7792	1070.5702
1723.364	1075.7953
1724.9489	1082.2528
1726.5337	1090.9218
1728.1187	1093.2002
1729.7035	1077.89
1731.2883	1079.7202
1732.8732	1074.1438
1734.4581	1071.9956
1736.043	1077.1077
1737.6278	1074.0603
1739.2126	1083.3566
1740.7975	1077.3561
1742.3824	1077.2185
1743.9673	1069.4391
1745.5521	1077.3619
1747.137	1073.2697
1748.7219	1078.7985
1750.3068	1076.1969
1751.8916	1064.5454
1753.4764	1081.641
1755.0614	1079.5295
1756.6462	1072.3097
1758.2311	1070.4574
1759.8159	1082.2955
1761.4009	1085.7313
1762.9857	1085.6908
1764.5706	1072.4635
1766.1554	1079.3652
1767.7402	1082.0944
1769.3252	1084.0999
1770.91	1081.3444
1772.4949	1082.2091
1774.0797	1089.7831
1775.6647	1082.2186
1777.2495	1083.9663
1778.8344	1077.7789
1780.4192	1080.603
1782.0042	1085.6794
1783.589	1077.3656
1785.1738	1079.5381
1786.7587	1082.3467
1788.3435	1076.9714
1789.9285	1080.3347
1791.5133	1096.4352
1793.0981	1085.2914
1794.683	1081.5032
1796.2679	1092.8151
1797.8528	1095.6503
1799.4376	1084.3092
1801.0225	1089.1548
1802.6074	1087.905
1804.1923	1091.4016
1805.7771	1092.9371
1807.3619	1086.3447
1808.9468	1073.8219
1810.5317	1086.8162
1812.1166	1086.6039
1813.7014	1087.1392
1815.2863	1089.9493
1816.8712	1083.4962
1818.4561	1080.1123
1820.0409	1083.1981
1821.6257	1096.3679
1823.2107	1091.2408
1824.7955	1079.9669
1826.3804	1080.4453
1827.9652	1076.0679
1829.55	1091.2335
1831.135	1092.2521
1832.7198	1082.0376
1834.3047	1089.7006
1835.8895	1081.1886
1837.4745	1080.439
1839.0593	1073.4193
1840.6442	1081.3198
1842.229	1083.7642
1843.814	1088.5929
1845.3988	1086.625
1846.9836	1082.2362
1848.5685	1085.6123
1850.1533	1087.5563
1851.7383	1090.0366
1853.3231	1084.9119
1854.908	1092.5554
1856.4928	1091.4176
1858.0778	1101.9133
1859.6626	1089.948
1861.2474	1083.4756
1862.8323	1084.9803
1864.4172	1074.3336
1866.0021	1080.0083
1867.5869	1093.5372
1869.1718	1082.063
1870.7566	1071.6729
1872.3416	1088.4022
1873.9264	1086.9713
1875.5112	1085.9677
1877.0961	1074.5959
1878.681	1083.0364
1880.2659	1083.7389
1881.8507	1086.8629
1883.4355	1092.9167
1885.0205	1090.2506
1886.6053	1082.2515
1888.1902	1077.3123
1889.775	1076.0317
1891.3599	1095.9635
1892.9448	1081.1594
1894.5297	1093.0321
1896.1145	1082.464
1897.6993	1078.8306
1899.2843	1084.6179
1900.8691	1076.6527
1902.454	1083.3438
1904.0388	1083.6504
1905.6238	1089.7791
1907.2086	1091.0992
1908.7935	1080.9583
1910.3783	1086.5074
1911.9631	1089.4722
1913.5481	1082.2161
1915.1329	1091.4521
1916.7178	1091.4063
1918.3026	1088.219
1919.8876	1093.0271
1921.4724	1088.7238
1923.0573	1082.78
1924.6421	1088.9957
1926.2271	1086.4834
1927.8119	1083.7537
1929.3967	1077.1349
1930.9816	1092.6516
1932.5664	1081.7599
1934.1514	1084.7906
1935.7362	1086.3994
1937.321	1093.7773
1938.9059	1089.9412
1940.4908	1086.4873
1942.0757	1089.2657
1943.6605	1079.3298
1945.2454	1083.9377
1946.8303	1087.2699
1948.4152	1086.5043
1950	1092.7794
1951.5848	1083.1117
1953.1697	1089.3602
1954.7546	1092.6925
1956.3395	1086.7545
1957.9243	1085.197
1959.5092	1082.7148
1961.0941	1085.54
1962.679	1089.9531
1964.2638	1075.2677
1965.8486	1080.2406
1967.4336	1087.196
1969.0184	1080.9817
1970.6033	1076.4464
1972.1881	1087.6641
1973.7729	1086.567
1975.3579	1086.2847
1976.9427	1085.7477
1978.5276	1084.0112
1980.1124	1080.6252
1981.6974	1086.0247
1983.2822	1075.825
1984.8671	1084.2695
1986.4519	1080.2122
1988.0369	1086.7672
1989.6217	1091.804
1991.2065	1090.3418
1992.7914	1087.6688
1994.3762	1079.9047
1995.9612	1077.3513
1997.546	1074.8188
1999.1309	1077.6772
2000.7157	1087.3972
2002.3007	1077.4257
2003.8855	1084.7635
2005.4703	1085.9364
2007.0552	1085.594
2008.6401	1077.6835
2010.225	1071.8617
2011.8098	1079.4899
2013.3947	1077.8225
2014.9795	1082.3204
2016.5645	1081.7277
2018.1493	1081.5406
2019.7341	1086.6415
2021.319	1095.7603
2022.9039	1085.4155
2024.4888	1084.7198
2026.0736	1081.8829
2027.6584	1085.4716
2029.2434	1070.2732
2030.8282	1078.1641
2032.4131	1075.701
2033.9979	1081.6793
2035.5828	1074.6355
2037.1677	1073.725
2038.7526	1082.6699
2040.3374	1085.3896
2041.9222	1079.9529
2043.5072	1089.4601
2045.092	1085.0134
2046.6769	1072.7012
2048.2617	1073.4307
2049.8467	1072.5519
2051.4314	1080.7289
2053.0164	1082.672
2054.6013	1093.5973
2056.186	1087.3685
2057.771	1092.6947
2059.3557	1081.1788
2060.9407	1078.5996
2062.5256	1094.0408
2064.1104	1079.7509
2065.6953	1088.9844
2067.2803	1089.1637
2068.865	1088.5798
2070.45	1090.9943
2072.0347	1079.8152
2073.6196	1082.8855
2075.2046	1089.2394
2076.7893	1080.0181
2078.3743	1090.8484
2079.959	1081.412
2081.5439	1096.6884
2083.1289	1091.4329
2084.7136	1088.0117
2086.2986	1099.5251
2087.8835	1092.9839
2089.4683	1097.8571
2091.0532	1111.1355
2092.6379	1107.506
2094.2229	1096.6853
2095.8079	1121.2065
2097.3926	1116.3954
2098.9775	1115.9833
2100.5623	1113.6125
2102.1472	1100.267
2103.7322	1088.8495
2105.3169	1097.3202
2106.9019	1096.4194
2108.4868	1087.9314
2110.0715	1107.0055
2111.6565	1092.2197
2113.2412	1085.3555
2114.8262	1084.0127
2116.4111	1077.3474
2117.9958	1098.0607
2119.5808	1101.2065
2121.1655	1091.4678
2122.7505	1091.6887
2124.3354	1094.353
2125.9202	1082.6848
2127.5051	1085.5449
2129.0901	1084.2197
2130.6748	1084.373
2132.2598	1095.6533
2133.8445	1086.9893
2135.4294	1088.3889
2137.0144	1085.5697
2138.5991	1082.5143
2140.1841	1080.3278
2141.7688	1093.0338
2143.3538	1085.025
2144.9387	1085.1523
2146.5234	1082.9973
2148.1084	1082.4036
2149.6934	1083.3562
2151.2781	1079.9905
2152.863	1078.8578
2154.4478	1089.1477
2156.0327	1098.3169
2157.6177	1099.3126
2159.2024	1113.296
2160.7874	1111.0227
2162.3721	1100.8484
2163.957	1105.335
2165.542	1088.1992
2167.1267	1076.2484
2168.7117	1079.3616
2170.2966	1083.0919
2171.8813	1085.7772
2173.4663	1075.9141
2175.051	1077.6254
2176.636	1090.5529
2178.2209	1091.2946
2179.8057	1090.5809
2181.3906	1085.7524
2182.9753	1091.8693
2184.5603	1079.4541
2186.1453	1075.9072
2187.73	1085.5334
2189.3149	1082.6754
2190.8999	1083.6243
2192.4846	1087.1702
2194.0696	1096.6301
2195.6543	1086.6229
2197.2393	1079.0618
2198.8242	1083.6683
2200.4089	1095.4269
2201.9939	1088.5031
2203.5786	1086.9824
2205.1636	1087.3063
2206.7485	1088.8649
2208.3333	1093.9379
2209.9182	1077.4752
2211.5032	1086.4261
2213.0879	1084.5844
2214.6729	1096.1237
2216.2576	1090.4021
2217.8425	1084.8075
2219.4275	1090.8328
2221.0122	1088.6061
2222.5972	1086.1987
2224.1819	1086.0612
2225.7668	1091.9027
2227.3518	1090.2467
2228.9365	1091.8895
2230.5215	1085.2511
2232.1064	1087.4644
2233.6912	1096.9017
2235.2761	1096.7339
2236.8608	1088.9558
2238.4458	1083.7072
2240.0308	1091.5712
2241.6155	1095.4183
2243.2004	1088.3629
2244.7852	1093.7319
2246.3701	1090.8514
2247.9551	1093.4918
2249.5398	1084.2908
2251.1248	1086.7743
2252.7097	1086.9675
2254.2944	1080.8651
2255.8794	1087.8701
2257.4641	1093.0007
2259.0491	1085.6027
2260.634	1087.7582
2262.2188	1094.6217
2263.8037	1086.6974
2265.3884	1085.7556
2266.9734	1095.908
2268.5583	1089.7235
2270.1431	1096.3289
2271.728	1097.1837
2273.313	1108.0176
2274.8977	1090.5874
2276.4827	1088.4564
2278.0674	1104.0919
2279.6523	1090.5044
2281.2373	1099.9094
2282.822	1088.8418
2284.407	1085.3549
2285.9917	1095.0768
2287.5767	1098.9586
2289.1616	1091.1279
2290.7463	1088.4572
2292.3313	1088.051
2293.9163	1083.6305
2295.501	1080.798
2297.0859	1081.0098
2298.6707	1094.5559
2300.2556	1096.1748
2301.8406	1101.1371
2303.4253	1079.8639
2305.0103	1080.4199
2306.595	1080.5902
2308.1799	1080.0083
2309.7649	1083.9709
2311.3496	1087.4158
2312.9346	1094.1849
2314.5195	1086.1456
2316.1042	1088.1775
2317.6892	1080.4948
2319.2739	1090.4426
2320.8589	1082.6938
2322.4438	1091.3107
2324.0286	1080.283
2325.6135	1082.7675
2327.1982	1087.4449
2328.7832	1084.3029
2330.3682	1089.5403
2331.9529	1076.0879
2333.5378	1091.1195
2335.1228	1094.7924
2336.7075	1081.7653
2338.2925	1072.2015
2339.8772	1099.4235
2341.4622	1087.3248
2343.0471	1096.4661
2344.6318	1086.2614
2346.2168	1097.645
2347.8018	1092.4492
2349.3865	1081.1144
2350.9714	1084.4146
2352.5562	1080.1035
2354.1411	1082.2231
2355.7261	1082.0935
2357.3108	1092.7244
2358.8958	1095.1658
2360.4805	1080.994
2362.0654	1075.228
2363.6504	1078.5217
2365.2351	1088.1958
2366.8201	1092.8168
2368.405	1088.9219
2369.9897	1075.88
2371.5747	1078.3407
2373.1594	1081.1537
2374.7444	1081.6132
2376.3293	1083.3871
2377.9141	1093.7921
2379.499	1092.726
2381.0837	1082.7418
2382.6687	1087.9308
2384.2537	1079.9979
2385.8384	1079.4739
2387.4233	1076.9865
2389.0083	1078.7612
2390.593	1091.3771
2392.178	1093.1312
2393.7627	1092.2344
2395.3477	1091.2423
2396.9326	1081.3479
2398.5173	1089.1738
2400.1023	1077.355
2401.687	1080.9485
2403.272	1070.6783
2404.8569	1074.2637
2406.4417	1075.4943
2408.0266	1080.1759
2409.6116	1086.5297
2411.1963	1082.5885
2412.7813	1093.8762
2414.366	1078.1238
2415.9509	1066.5652
2417.5359	1075.7825
2419.1206	1077.4965
2420.7056	1080.499
2422.2903	1085.9978
2423.8752	1213.1094
2425.4602	1241.4012
2427.0449	1092.7156
2428.6299	1074.5748
2430.2148	1074.3024
2431.7996	1072.9874
2433.3845	1086.5176
2434.9692	1083.8647
2436.5542	1078.3347
2438.1392	1079.9551
2439.7239	1073.1388
2441.3088	1080.0587
2442.8936	1078.8771
2444.4785	1068.8613
2446.0635	1067.756
2447.6482	1078.8745
2449.2332	1077.2861
2450.8181	1082.995
2452.4028	1076.3621
2453.9878	1071.6951
2455.5725	1078.9858
2457.1575	1065.9891
2458.7424	1076.9617
2460.3271	1076.1805
2461.9121	1072.4707
2463.4968	1080.6835
2465.0818	1078.0359
2466.6667	1082.2709
2468.2515	1069.6735
2469.8364	1073.3655
2471.4214	1079.3569
2473.0061	1076.1398
2474.5911	1075.0577
2476.1758	1076.1316
2477.7607	1071.3171
2479.3457	1081.5784
2480.9304	1070.7257
2482.5154	1080.077
2484.1001	1076.1252
2485.6851	1080.6267
2487.27	1068.6978
2488.8547	1073.3966
2490.4397	1073.3119
2492.0247	1079.0435
2493.6094	1079.4293
2495.1943	1077.531
2496.7791	1075.4493
2498.364	1080.5911
2499.949	1073.386
2501.5337	1068.4465
2503.1187	1068.9137
2504.7034	1068.9507
2506.2883	1070.1564
2507.8733	1073.1292
2509.458	1076.6475
2511.043	1060.6505
2512.6279	1059.8438
2514.2126	1074.8834
2515.7976	1072.7047
2517.3823	1069.0101
2518.9673	1067.2042
2520.5522	1078.1467
2522.137	1066.6132
2523.7219	1076.7813
2525.3066	1069.5233
2526.8916	1067.9091
2528.4766	1064.076
2530.0613	1067.6299
2531.6462	1058.9202
2533.2312	1071.2872
2534.8159	1068.0417
2536.4009	1063.4871
2537.9856	1066.214
2539.5706	1069.8685
2541.1555	1071.1824
2542.7402	1063.8629
2544.3252	1061.8981
2545.9099	1062.02
2547.4949	1067.6815
2549.0798	1064.3826
2550.6646	1055.2444
2552.2495	1054.7427
2553.8345	1064.6256
2555.4192	1068.7545
2557.0042	1067.8035
2558.5889	1069.0941
2560.1738	1064.5392
2561.7588	1066.6655
2563.3435	1058.2512
2564.9285	1065.5216
2566.5132	1070.0795
2568.0981	1096.9465
2569.6831	1089.5405
2571.2678	1066.9814
2572.8528	1055.942
2574.4377	1058.573
2576.0225	1069.0107
2577.6074	1061.2184
2579.1921	1057.3683
2580.7771	1045.2046
2582.3621	1058.5129
2583.9468	1062.0256
2585.5317	1056.4485
2587.1165	1056.8168
2588.7014	1068.3586
2590.2864	1062.337
2591.8711	1057.4546
2593.4561	1060.546
2595.041	1057.2909
2596.6257	1046.8917
2598.2107	1062.374
2599.7954	1059.865
2601.3804	1054.2614
2602.9653	1052.4247
2604.55	1044.3677
2606.135	1060.2408
2607.7197	1062.8174
2609.3047	1066.1133
2610.8896	1056.2472
2612.4744	1037.3647
2614.0593	1044.624
2615.6443	1046.7328
2617.229	1053.8877
2618.814	1052.9325
2620.3987	1042.4033
2621.9836	1058.8292
2623.5686	1051.0411
2625.1533	1050.2809
2626.7383	1050.8623
2628.323	1050.8346
2629.908	1062.0406
2631.4929	1056.2354
2633.0776	1050.3644
2634.6626	1047.0057
2636.2476	1059.3717
2637.8323	1053.0056
2639.4172	1043.8073
2641.002	1050.5886
2642.5869	1048.8192
2644.1719	1054.7782
2645.7566	1055.1798
2647.3416	1039.2266
2648.9263	1055.3195
2650.5112	1048.9236
2652.0962	1051.7104
2653.6809	1057.252
2655.2659	1058.9408
2656.8508	1057.1868
2658.4355	1063.1901
2660.0205	1059.4978
2661.6052	1051.3671
2663.1902	1050.1749
2664.7751	1047.5566
2666.3599	1054.8896
2667.9448	1049.5116
2669.5295	1031.1034
2671.1145	1033.5308
2672.6995	1044.8807
2674.2842	1050.6155
2675.8691	1048.3578
2677.4541	1041.7472
2679.0388	1054.6876
2680.6238	1050.2468
2682.2085	1032.8519
2683.7935	1042.5446
2685.3784	1037.119
2686.9631	1032.8687
2688.5481	1045.6844
2690.1328	1051.3798
2691.7178	1043.0266
2693.3027	1043.4072
2694.8875	1050.2721
2696.4724	1037.1707
2698.0574	1024.6337
2699.6421	1039.6486
2701.2271	1050.6091
2702.8118	1046.7823
2704.3967	1043.9775
2705.9817	1029.3875
2707.5664	1043.5989
2709.1514	1044.7244
2710.7361	1034.1992
2712.321	1037.811
2713.906	1032.0583
2715.4907	1027.5029
2717.0757	1034.7101
2718.6606	1032.4825
2720.2454	1025.1295
2721.8303	1032.5839
2723.415	1023.2908
2725	1030.2903
2726.585	1038.5377
2728.1697	1026.2633
2729.7546	1032.2402
2731.3394	1023.1319
2732.9243	1036.9004
2734.5093	1034.3777
2736.094	1038.3296
2737.679	1026.4158
2739.2639	1025.0498
2740.8486	1021.5524
2742.4336	1027.9928
2744.0183	1024.649
2745.6033	1029.0212
2747.1882	1026.5588
2748.7729	1027.1135
2750.3579	1022.3985
2751.9426	1020.4548
2753.5276	1026.1154
2755.1125	1033.5404
2756.6973	1026.3361
2758.2822	1033.0127
2759.8672	1026.6719
2761.4519	1035.9766
2763.0369	1020.2382
2764.6216	1031.2225
2766.2065	1032.7338
2767.7915	1032.0243
2769.3762	1025.1949
2770.9612	1032.5259
2772.5459	1024.4371
2774.1309	1028.3784
2775.7158	1021.4515
2777.3005	1033.063
2778.8855	1034.5825
2780.4705	1023.204
2782.0552	1032.8828
2783.6401	1022.6859
2785.2249	1031.3411
2786.8098	1024.4126
2788.3948	1023.7209
2789.9795	1023.9331
2791.5645	1020.6124
2793.1492	1026.3765
2794.7341	1025.8214
2796.3191	1021.4648
2797.9038	1037.0405
2799.4888	1046.5276
2801.0737	1021.5393
2802.6584	1019.8896
2804.2434	1031.713
2805.8281	1025.5435
2807.4131	1015.1759
2808.998	1016.0558
2810.5828	1017.4604
2812.1677	1010.4724
2813.7524	1023.8735
2815.3374	1014.2309
2816.9224	1022.4531
2818.5071	1016.441
2820.092	1031.0437
2821.677	1024.5631
2823.2617	1006.8397
2824.8467	1012.1653
2826.4314	1018.3347
2828.0164	1016.5859
2829.6013	1022.705
2831.186	1024.2262
2832.771	1014.2251
2834.3557	1009.051
2835.9407	1034.8453
2837.5256	1018.2578
2839.1104	1010.9935
2840.6953	1014.0417
2842.2803	1014.6808
2843.865	1014.0925
2845.45	1014.0073
2847.0347	1006.6445
2848.6196	1013.6218
2850.2046	1004.7518
2851.7893	1015.1549
2853.3743	1007.3039
2854.959	1017.8243
2856.5439	1004.5632
2858.1289	1015.0698
2859.7136	1019.0472
2861.2986	1013.9655
2862.8835	1016.4132
2864.4683	1015.2365
2866.0532	1006.4061
2867.6379	1010.6154
2869.2229	999.74139
2870.8079	1007.0308
2872.3926	1000.8483
2873.9775	999.69141
2875.5623	1004.4307
2877.1472	1016.2151
2878.7322	1010.8583
2880.3169	1003.085
2881.9019	1005.6358
2883.4868	1011.048
2885.0715	999.80957
2886.6565	1004.8943
2888.2412	995.19592
2889.8262	1003.9755
2891.4111	999.4187
2892.9958	995.58521
2894.5808	996.83594
2896.1655	1001.0142
2897.7505	998.79248
2899.3354	1002.261
2900.9202	1003.079
2902.5051	997.51941
2904.0901	999.94641
2905.6748	1000.3635
2907.2598	1004.4155
2908.8445	999.92407
2910.4294	1003.8994
2912.0144	995.09784
2913.5991	996.35687
2915.1841	995.47382
2916.7688	993.23547
2918.3538	992.00519
2919.9387	1003.8034
2921.5234	1002.4362
2923.1084	990.90564
2924.6934	995.62018
2926.2781	997.95752
2927.863	989.88538
2929.4478	996.70996
2931.0327	990.94202
2932.6177	999.93634
2934.2024	990.02087
2935.7874	995.11871
2937.3721	992.81665
2938.957	990.70825
2940.542	994.76324
2942.1267	997.0993
2943.7117	989.7063
2945.2966	992.66846
2946.8813	993.62372
2948.4663	996.79272
2950.051	1000.7917
2951.636	995.80945
2953.2209	1004.1205
2954.8057	994.87689
2956.3906	1002.3248
2957.9753	992.56073
2959.5603	1001.3487
2961.1453	982.7196
2962.73	998.10101
2964.3149	992.34198
2965.8999	997.10474
2967.4846	984.40497
2969.0696	980.51477
2970.6543	999.96124
2972.2393	992.27515
2973.8242	992.81573
2975.4089	989.52667
2976.9939	996.52832
2978.5786	997.74493
2980.1636	995.01959
2981.7485	986.68793
2983.3333	981.53857
2984.9182	999.89362
2986.5032	1000.4069
2988.0879	999.91956
2989.6729	994.68848
2991.2576	982.71143
2992.8425	989.38184
2994.4275	996.79321
2996.0122	985.07159
2997.5972	985.33289
2999.1819	999.19623
3000.7668	990.90222
3002.3518	985.75488
3003.9365	983.26776
3005.5215	988.23248
3007.1064	985.93909
3008.6912	985.62903
3010.2761	987.02118
3011.8608	984.10602
3013.4458	980.2735
3015.0308	985.7168
3016.6155	988.82623
3018.2004	995.62195
3019.7852	981.02655
3021.3701	990.93542
3022.9551	986.08148
3024.5398	984.52716
3026.1248	988.35547
3027.7097	998.2157
3029.2944	991.03467
3030.8794	989.35474
3032.4641	990.62769
3034.0491	993.30164
3035.634	991.65881
3037.2188	983.81659
3038.8037	986.40106
3040.3884	984.63879
3041.9734	989.37122
3043.5583	996.75989
3045.1431	995.42822
3046.728	990.0495
3048.313	994.43433
3049.8977	989.72522
3051.4827	994.81299
3053.0674	994.90662
3054.6523	1000.1318
3056.2373	1010.5655
3057.822	1000.7885
3059.407	1004.7929
3060.9917	1016.401
3062.5767	1022.7955
3064.1616	1026.2313
3065.7463	1040.0072
3067.3313	1038.2764
3068.9163	1040.8328
3070.501	1038.7007
3072.0859	1048.2694
3073.6707	1043.3292
3075.2556	1032.6356
3076.8406	1029.5878
3078.4253	1016.3488
3080.0103	1012.9567
3081.595	1018.9681
3083.1799	1002.4241
3084.7649	1008.3135
3086.3496	996.15143
3087.9346	988.64087
3089.5195	988.17108
3091.1042	988.00922
3092.6892	993.42413
3094.2739	989.30115
3095.8589	986.00647
3097.4438	986.45801
3099.0286	981.80237
3100.6135	988.50128
3102.1982	981.83899
3103.7832	989.60785
3105.3682	988.4505
3106.9529	985.00635
3108.5378	975.19952
3110.1228	987.29065
3111.7075	982.8501
3113.2925	977.38574
3114.8772	975.22687
3116.4622	978.18927
3118.0471	983.23901
3119.6318	975.73346
3121.2168	982.17413
3122.8018	976.73474
3124.3865	976.90106
3125.9714	976.81635
3127.5562	978.25793
3129.1411	990.06769
3130.7261	983.44556
3132.3108	971.24982
3133.8958	979.28632
3135.4805	976.99597
3137.0654	978.78918
3138.6504	975.28723
3140.2351	978.61023
3141.8201	978.57428
3143.405	976.48578
3144.9897	965.54425
3146.5747	974.92682
3148.1594	972.75323
3149.7444	977.37482
3151.3293	976.70593
3152.9141	983.5719
3154.499	989.03949
3156.0837	974.56238
3157.6687	975.89447
3159.2537	978.37964
3160.8384	974.58075
3162.4233	971.08459
3164.0083	967.44781
3165.593	971.88922
3167.178	969.58258
3168.7627	965.63519
3170.3477	964.1925
3171.9326	968.98187
3173.5173	981.36371
3175.1023	961.66803
3176.687	962.29449
3178.272	972.32782
3179.8569	971.86066
3181.4417	965.23962
3183.0266	962.85669
3184.6116	971.00421
3186.1963	964.40289
3187.7813	973.52216
3189.366	966.98413
3190.9509	966.97656
3192.5359	963.67505
3194.1206	961.33655
3195.7056	955.23444
3197.2903	963.03674
3198.8752	957.30841
3200.4602	970.35028
3202.0449	962.05249
3203.6299	965.89001
3205.2148	957.36206
3206.7996	962.19653
3208.3845	953.64697
3209.9692	954.16119
3211.5542	967.06525
3213.1392	962.76801
3214.7239	956.02301
3216.3088	967.65332
3217.8936	954.63074
3219.4785	953.06512
3221.0635	958.67816
3222.6482	961.05389
3224.2332	956.37976
3225.8181	962.25482
3227.4028	956.15417
3228.9878	957.61658
3230.5725	967.46277
3232.1575	955.45203
3233.7424	965.57391
3235.3271	957.84735
3236.9121	951.63184
3238.4968	950.85095
3240.0818	951.87622
3241.6667	963.90875
3243.2515	965.55621
3244.8364	960.40088
3246.4214	948.72437
3248.0061	947.91034
3249.5911	962.87842
3251.1758	956.1142
3252.7607	954.35291
3254.3457	948.02393
3255.9304	957.06409
3257.5154	954.31226
3259.1001	959.54633
3260.6851	962.59784
3262.27	960.42334
3263.8547	950.09015
3265.4397	959.24139
3267.0247	956.8222
3268.6094	954.1723
3270.1943	956.36816
3271.7791	951.95917
3273.364	956.57886
3274.949	951.58337
3276.5337	953.40582
3278.1187	956.11365
3279.7034	959.48639
3281.2883	957.28528
3282.8733	955.164
3284.458	951.50806
3286.043	948.89337
3287.6279	956.81311
3289.2126	951.5296
3290.7976	952.19946
3292.3823	949.01117
3293.9673	951.8844
3295.5522	945.23102
3297.137	948.81036
3298.7219	950.79987
3300.3066	951.96307
3301.8916	943.2738
3303.4766	949.91071
3305.0613	955.69513
3306.6462	945.04749
3308.2312	948.06512
3309.8159	955.76892
3311.4009	947.68158
3312.9856	956.48871
3314.5706	941.51752
3316.1555	944.93219
3317.7402	941.73285
3319.3252	938.52863
3320.9099	944.04681
3322.4949	942.55609
3324.0798	938.25177
3325.6646	951.24268
3327.2495	944.18298
3328.8345	939.69769
3330.4192	946.44604
3332.0042	934.66156
3333.5889	939.88977
3335.1738	935.61298
3336.7588	931.00031
3338.3435	938.56274
3339.9285	942.64526
3341.5132	944.67407
3343.0981	942.09082
3344.6831	932.17505
3346.2678	939.62634
3347.8528	934.93304
3349.4377	952.76178
3351.0225	937.86121
3352.6074	940.69318
3354.1921	929.11127
3355.7771	942.58905
3357.3621	949.09473
3358.9468	932.0094
3360.5317	947.68054
3362.1165	937.73676
3363.7014	944.24207
3365.2864	945.12781
3366.8711	936.62585
3368.4561	928.27527
3370.041	929.75482
3371.6257	940.39246
3373.2107	934.38617
3374.7954	944.29358
3376.3804	938.0498
3377.9653	934.34003
3379.55	923.73022
3381.135	940.61127
3382.7197	937.24939
3384.3047	934.34082
3385.8896	929.88062
3387.4744	935.86584
3389.0593	921.06659
3390.6443	930.86688
3392.229	940.69196
3393.814	931.71387
3395.3987	926.89691
3396.9836	922.94427
3398.5686	936.26099
3400.1533	932.12543
3401.7383	929.86029
3403.323	927.51801
3404.908	920.22247
3406.4929	932.38232
3408.0776	931.81201
3409.6626	933.3938
3411.2476	966.50952
3412.8323	930.76324
3414.4172	925.36609
3416.002	917.44171
3417.5869	922.61493
3419.1719	915.15442
3420.7566	924.57001
3422.3416	929.2403
3423.9263	936.89929
3425.5112	935.23767
3427.0962	929.85474
3428.6809	930.21442
3430.2659	924.13776
3431.8508	929.37274
3433.4355	915.39142
3435.0205	920.88928
3436.6052	927.31769
3438.1902	924.46729
3439.7751	921.93427
3441.3599	921.51373
3442.9448	920.43927
3444.5295	930.63599
3446.1145	930.20288
3447.6995	923.82483
3449.2842	922.65717
3450.8691	919.25323
3452.4541	917.40411
3454.0388	924.66949
3455.6238	919.06702
3457.2085	921.76184
3458.7935	922.1272
3460.3784	926.94385
3461.9631	919.86096
3463.5481	913.36945
3465.1328	914.12091
3466.7178	905.33234
3468.3027	921.10559
3469.8875	912.31683
3471.4724	914.63428
3473.0574	913.80481
3474.6421	914.5553
3476.2271	922.12738
3477.8118	920.03021
3479.3967	917.01874
3480.9817	912.75262
3482.5664	912.95117
3484.1514	910.48328
3485.7361	907.18152
3487.321	910.32214
3488.906	917.13861
3490.4907	914.59552
3492.0757	919.8313
3493.6606	914.94543
3495.2454	913.96063
3496.8303	919.78528
3498.415	910.59332
3500	917.0968
