400	1080.2765
401.58487	1095.0671
403.16974	1091.5408
404.75461	1084.7375
406.33948	1087.7617
407.92435	1083.3536
409.50922	1085.6588
411.09406	1079.5337
412.67892	1082.696
414.26379	1084.4017
415.84866	1087.7405
417.43353	1091.9768
419.0184	1093.6823
420.60327	1086.5525
422.18814	1081.0317
423.77301	1073.8246
425.35788	1088.6382
426.94275	1090.9768
428.52762	1084.2622
430.11249	1091.2827
431.69733	1079.2653
433.2822	1070.9979
434.86707	1079.5909
436.45193	1093.7236
438.0368	1086.2798
439.62167	1082.9546
441.20654	1085.2661
442.79141	1081.6356
444.37628	1084.7299
445.96115	1080.7858
447.54602	1086.6576
449.13089	1086.2606
450.71576	1093.189
452.30063	1088.1643
453.88547	1091.379
455.47034	1087.9722
457.05521	1085.554
458.64008	1091.1669
460.22495	1087.0106
461.80981	1093.1915
463.39468	1081.9615
464.97955	1079.6144
466.56442	1084.0988
468.14929	1093.2701
469.73416	1089.4244
471.31903	1087.7224
472.9039	1101.7217
474.48874	1095.0864
476.07361	1084.6711
477.65848	1095.2139
479.24335	1094.5464
480.82822	1087.1082
482.41309	1103.5067
483.99796	1092.7246
485.58282	1079.6512
487.16769	1083.6376
488.75256	1081.2841
490.33743	1087.9319
491.9223	1090.5438
493.50717	1093.5249
495.09201	1086.9668
496.67688	1083.6744
498.26175	1084.6733
499.84662	1082.778
501.43149	1078.7306
503.01636	1088.871
504.60123	1096.3124
506.1861	1098.7928
507.77097	1094.9559
509.35583	1101.4794
510.9407	1085.4849
512.52557	1094.2368
514.11041	1107.6681
515.69531	1099.6714
517.28015	1091.0272
518.86505	1098.6943
520.44989	1097.1454
522.03479	1088.2969
523.61963	1093.8986
525.20453	1099.7183
526.78937	1093.9314
528.37421	1104.2935
529.95911	1098.8311
531.54395	1088.8649
533.12885	1089.7836
534.71368	1085.3695
536.29858	1089.2235
537.88342	1083.5688
539.46832	1082.0382
541.05316	1095.3263
542.63806	1091.4893
544.2229	1072.8903
545.8078	1085.8442
547.39264	1090.0321
548.97748	1084.2432
550.56238	1087.2999
552.14722	1093.3536
553.73212	1097.9745
555.31696	1083.8024
556.90186	1090.3475
558.48669	1084.7076
560.07159	1088.7262
561.65643	1083.1565
563.24133	1085.3191
564.82617	1088.9517
566.41107	1097.6038
567.99591	1101.7737
569.58075	1097.0203
571.16565	1097.9908
572.75049	1093.7871
574.33539	1091.3164
575.92023	1094.2909
577.50513	1084.8079
579.08997	1077.2203
580.67487	1094.8527
582.2597	1106.4838
583.8446	1097.4541
585.42944	1079.9409
587.01434	1096.6334
588.59918	1103.0043
590.18402	1099.01
591.76892	1093.3691
593.35376	1088.6154
594.93866	1095.4877
596.5235	1099.2711
598.1084	1104.6384
599.69324	1093.5105
601.27814	1097.9722
602.86298	1102.9138
604.44788	1100.7179
606.03271	1105.3076
607.61761	1086.771
609.20245	1088.2433
610.78729	1089.1836
612.37219	1073.8062
613.95703	1092.3401
615.54193	1103.8915
617.12677	1091.0654
618.71167	1094
620.29651	1093.8685
621.88141	1083.3921
623.46625	1081.2017
625.05115	1094.6519
626.63599	1100.1511
628.22089	1098.3003
629.80573	1098.2013
631.39056	1094.0918
632.97546	1088.2284
634.5603	1087.1423
636.1452	1090.8453
637.73004	1098.4028
639.31494	1098.8254
640.89978	1089.363
642.48468	1082.5139
644.06952	1090.5582
645.65442	1087.5953
647.23926	1098.0203
648.82416	1089.4456
650.409	1667.52
651.99384	1397.374
653.57874	1109.6893
655.16357	1093.723
656.74847	1094.9033
658.33331	1091.4995
659.91821	1074.9669
661.50305	1088.7939
663.08795	1083.1643
664.67279	1088.1602
666.25769	1091.636
667.84253	1082.0659
669.42743	1094.73
671.01227	1088.6725
672.59711	1090.1929
674.18201	1086.7766
675.76685	1090.6895
677.35175	1087.8379
678.93658	1082.1526
680.52148	1098.2295
682.10632	1089.2975
683.69122	1091.3763
685.27606	1093.2976
686.86096	1099.3922
688.4458	1105.9446
690.0307	1094.6335
691.61554	1091.2517
693.20044	1097.613
694.78528	1086.574
696.37012	1078.2015
697.95502	1085.8292
699.53986	1088.0057
701.12476	1094.2307
702.70959	1098.319
704.29449	1093.7378
705.87933	1083.7766
707.46423	1083.3236
709.04907	1084.8669
710.63397	1089.4619
712.21881	1080.4329
713.80371	1081.1735
715.38855	1083.6936
716.97339	1078.3406
718.55829	1089.4315
720.14313	1081.0803
721.72803	1081.4612
723.31287	1080.7767
724.89777	1083.2441
726.4826	1090.0621
728.0675	1094.8765
729.65234	1083.7552
731.23724	1088.3392
732.82208	1083.3583
734.40698	1085.137
735.99182	1089.5078
737.57666	1088.7313
739.16156	1089.1641
740.7464	1086.1365
742.3313	1083.1678
743.91614	1082.0405
745.50104	1089.6782
747.08588	1086.9392
748.67078	1081.6469
750.25562	1084.7156
751.84052	1082.4495
753.42535	1084.2716
755.01025	1077.788
756.59509	1083.1118
758.17993	1093.1115
759.76483	1098.3196
761.34967	1092.6495
762.93457	1097.413
764.51941	1096.191
766.10431	1087.2085
767.68915	1090.0574
769.27405	1091.5106
770.85889	1093.7343
772.44379	1098.4137
774.02863	1115.1898
775.61353	1095.6239
777.19836	1091.7787
778.7832	1085.363
780.3681	1083.1556
781.95294	1090.131
783.53784	1091.9768
785.12268	1094.3829
786.70758	1097.5673
788.29242	1093.0198
789.87732	1090.0583
791.46216	1098.3009
793.04706	1083.853
794.6319	1091.1556
796.2168	1088.4729
797.80164	1092.1907
799.38647	1093.0479
800.97137	1100.8669
802.55621	1088.3652
804.14111	1089.5065
805.72595	1094.1604
807.31085	1097.649
808.89569	1098.3569
810.48059	1091.421
812.06543	1096.8973
813.65033	1099.9553
815.23517	1086.4709
816.82007	1078.0088
818.40491	1088.8486
819.98975	1094.7332
821.57465	1089.8108
823.15948	1093.2214
824.74438	1090.6454
826.32922	1079.0156
827.91412	1091.2021
829.49896	1102.6263
831.08386	1098.861
832.6687	1092.8887
834.2536	1087.0725
835.83844	1096.3984
837.42334	1101.645
839.00818	1093.0806
840.59302	1094.7756
842.17792	1104.4106
843.76276	1096.5006
845.34766	1089.0431
846.9325	1096.5977
848.5174	1107.3561
850.10223	1087.4248
851.68713	1087.021
853.27197	1089.6682
854.85687	1092.3423
856.44171	1092.0492
858.02661	1096.0684
859.61145	1101.2848
861.19629	1094.4403
862.78119	1090.9967
864.36603	1095.1384
865.95093	1105.446
867.53577	1102.1954
869.12067	1104.9269
870.70551	1101.182
872.29041	1109.7656
873.87524	1093.8812
875.46014	1098.5206
877.04498	1096.608
878.62988	1098.7517
880.21472	1099.6598
881.79956	1093.4551
883.38446	1099.6971
884.9693	1107.2979
886.5542	1092.4922
888.13904	1094.8018
889.72394	1105.7106
891.30878	1106.7246
892.89368	1092.5295
894.47852	1087.1897
896.06342	1097.9805
897.64825	1106.0366
899.23315	1096.5955
900.81799	1095.0166
902.40289	1102.5553
903.98773	1098.363
905.57257	1091.7782
907.15747	1106.1172
908.74231	1106.277
910.32721	1097.9352
911.91205	1105.3397
913.49695	1113.1436
915.08179	1119.5022
916.66669	1112.1907
918.25153	1111.2429
919.83643	1107.322
921.42126	1095.2357
923.00616	1101.1268
924.591	1104.821
926.17584	1104.4133
927.76074	1110.1292
929.34558	1101.8643
930.93048	1110.8246
932.51532	1107.077
934.10022	1103.0938
935.68506	1114.4869
937.26996	1110.7964
938.8548	1104.9974
940.4397	1102.2302
942.02454	1102.7211
943.60944	1106.957
945.19427	1106.3054
946.77911	1112.4894
948.36401	1120.1318
949.94885	1108.5758
951.53375	1109.2393
953.11859	1108.7538
954.70349	1108.9048
956.28833	1115.751
957.87323	1127.2761
959.45807	1127.7153
961.04297	1121.8768
962.62781	1121.1959
964.21271	1120.6958
965.79755	1111.7698
967.38239	1127.8086
968.96729	1130.9945
970.55212	1128.8538
972.13702	1121.1917
973.72186	1129.1501
975.30676	1131.5295
976.8916	1131.5255
978.4765	1138.9139
980.06134	1129.9128
981.64624	1147.4219
983.23108	1137.8982
984.81598	1137.4336
986.40082	1129.8405
987.98566	1129.8273
989.57056	1142.8157
991.1554	1150.3792
992.7403	1141.5187
994.32513	1140.0677
995.91003	1138.6683
997.49487	1141.3776
999.07977	1139.4169
1000.6646	1139.1438
1002.2495	1131.4418
1003.8344	1147.5717
1005.4193	1154.5342
1007.0041	1131.9563
1008.5889	1136.3093
1010.1738	1141.9014
1011.7587	1151.0394
1013.3436	1139.7672
1014.9284	1136.4977
1016.5133	1140.1575
1018.0981	1135.8552
1019.683	1133.625
1021.2679	1142.8885
1022.8528	1131.657
1024.4376	1147.4872
1026.0225	1139.9313
1027.6074	1143.038
1029.1923	1140.2056
1030.7771	1121.0204
1032.3619	1135.1185
1033.9468	1139.3198
1035.5317	1145.1754
1037.1166	1139.8307
1038.7014	1138.9462
1040.2863	1133.2207
1041.8712	1133.9215
1043.4561	1130.4692
1045.0409	1148.905
1046.6257	1160.2513
1048.2107	1148.8953
1049.7955	1153.5237
1051.3804	1146.7402
1052.9652	1146.5533
1054.55	1143.717
1056.135	1137.2749
1057.7198	1127.307
1059.3047	1127.4603
1060.8895	1145.0533
1062.4745	1144.9849
1064.0593	1144.8088
1065.6442	1137.0148
1067.229	1141.1467
1068.814	1139.3124
1070.3988	1135.6006
1071.9836	1138.0725
1073.5685	1134.7313
1075.1533	1125.3452
1076.7383	1135.2737
1078.3231	1204.3114
1079.908	1387.8013
1081.4928	1304.3333
1083.0778	1150.5046
1084.6626	1125.5344
1086.2474	1116.8345
1087.8323	1132.9061
1089.4172	1127.8389
1091.0021	1132.6217
1092.5869	1122.0873
1094.1718	1122.1023
1095.7566	1130.9897
1097.3416	1133.0575
1098.9264	1134.3705
1100.5112	1124.9718
1102.0961	1116.9113
1103.681	1114.3755
1105.2659	1130.575
1106.8507	1117.1027
1108.4355	1119.3625
1110.0205	1127.2236
1111.6053	1122.2188
1113.1902	1153.9851
1114.775	1181.9491
1116.3599	1246.3279
1117.9448	1320.6161
1119.5297	1363.3452
1121.1145	1339.9036
1122.6993	1279.2654
1124.2843	1194.1906
1125.8691	1150.1521
1127.454	1118.444
1129.0388	1114.6841
1130.6238	1116.5121
1132.2086	1126.3179
1133.7935	1114.7419
1135.3783	1116.1727
1136.9631	1117.9164
1138.5481	1116.7323
1140.1329	1120.8113
1141.7178	1127.4783
1143.3026	1124.4506
1144.8876	1123.2791
1146.4724	1114.2908
1148.0573	1106.4105
1149.6421	1126.0999
1151.2271	1129.5067
1152.8119	1109.4011
1154.3967	1118.0151
1155.9816	1124.7137
1157.5664	1125.3726
1159.1514	1121.1183
1160.7362	1103.4156
1162.321	1103.9901
1163.9059	1105.6896
1165.4908	1119.959
1167.0757	1115.5353
1168.6605	1116.2064
1170.2454	1125.1439
1171.8303	1124.5273
1173.4152	1126.1716
1175	1131.106
1176.5848	1110.4661
1178.1697	1111.5026
1179.7546	1102.158
1181.3395	1114.9154
1182.9243	1114.6803
1184.5092	1113.7133
1186.0941	1112.8575
1187.679	1124.7985
1189.2638	1119.0121
1190.8486	1116.3867
1192.4336	1114.3221
1194.0184	1112.5328
1195.6033	1118.8561
1197.1881	1116.6179
1198.7729	1120.2467
1200.3579	1120.377
1201.9427	1115.6542
1203.5276	1131.3098
1205.1124	1125.5219
1206.6974	1106.1633
1208.2822	1121.4205
1209.8671	1118.6752
1211.4519	1108.4943
1213.0369	1111.6866
1214.6217	1113.9933
1216.2065	1107.0051
1217.7914	1116.5427
1219.3762	1124.5457
1220.9612	1119.272
1222.546	1116.4943
1224.1309	1116.5197
1225.7157	1122.3882
1227.3007	1129.3167
1228.8855	1123.3512
1230.4703	1122.9994
1232.0552	1130.629
1233.6401	1115.6262
1235.225	1106.5594
1236.8098	1103.7606
1238.3947	1117.0251
1239.9795	1118.4034
1241.5645	1116.0811
1243.1493	1120.432
1244.7341	1128.3292
1246.319	1123.0206
1247.9039	1113.7816
1249.4888	1116.0565
1251.0736	1124.344
1252.6584	1122.1251
1254.2434	1125.7509
1255.8282	1119.0571
1257.4131	1106.5857
1258.9979	1119.9292
1260.5828	1114.5618
1262.1677	1116.9961
1263.7526	1115.3663
1265.3374	1125.8276
1266.9222	1128.7296
1268.5072	1122.1677
1270.092	1126.0187
1271.6769	1121.5782
1273.2617	1114.6558
1274.8467	1103.8441
1276.4315	1119.3789
1278.0164	1112.7954
1279.6012	1107.6219
1281.186	1106.1071
1282.771	1111.9148
1284.3558	1120.3254
1285.9407	1115.7672
1287.5255	1121.5935
1289.1105	1120.2693
1290.6953	1114.6394
1292.2802	1113.6167
1293.865	1129.1569
1295.45	1123.1951
1297.0348	1118.0087
1298.6196	1113.9115
1300.2045	1126.8286
1301.7893	1117.2601
1303.3743	1118.6693
1304.9591	1124.6439
1306.5439	1120.6721
1308.1288	1107.3608
1309.7137	1119.2358
1311.2986	1120.8854
1312.8834	1120.3627
1314.4683	1132.6871
1316.0532	1125.1113
1317.6381	1123.2119
1319.2229	1124.6874
1320.8077	1126.65
1322.3926	1123.8104
1323.9775	1115.1901
1325.5624	1128.223
1327.1472	1126.0337
1328.7321	1113.5067
1330.317	1115.5133
1331.9019	1126.2808
1333.4867	1129.046
1335.0715	1131.5214
1336.6565	1111.2339
1338.2413	1124.4325
1339.8262	1122.3978
1341.411	1110.656
1342.9958	1123.6239
1344.5808	1121.2463
1346.1656	1114.9058
1347.7505	1122.7809
1349.3353	1124.7767
1350.9203	1115.2286
1352.5051	1122.384
1354.09	1114.96
1355.6748	1112.9823
1357.2598	1116.3347
1358.8446	1124.7719
1360.4294	1121.1256
1362.0143	1122.1522
1363.5991	1125.2651
1365.1841	1128.6362
1366.7689	1117.7125
1368.3538	1122.278
1369.9386	1118.9674
1371.5236	1120.9735
1373.1084	1126.4471
1374.6932	1118.099
1376.2781	1129.0784
1377.863	1124.5923
1379.4479	1118.0463
1381.0327	1118.3672
1382.6176	1120.2118
1384.2025	1121.0809
1385.7874	1122.5833
1387.3722	1125.2731
1388.957	1117.5759
1390.5419	1118.426
1392.1268	1113.9397
1393.7117	1111.9153
1395.2965	1122.6021
1396.8813	1128.553
1398.4663	1138.0925
1400.0511	1118.8147
1401.636	1122.1346
1403.2208	1122.85
1404.8058	1130.9698
1406.3906	1131.0845
1407.9755	1122.1981
1409.5603	1128.5142
1411.1451	1122.9089
1412.7301	1130.5233
1414.3149	1129.8644
1415.8998	1113.6499
1417.4846	1119.9093
1419.0696	1125.8524
1420.6544	1133.2567
1422.2393	1131.5022
1423.8241	1119.217
1425.4091	1121.2339
1426.9939	1122.2572
1428.5787	1123.7781
1430.1636	1124.7075
1431.7484	1116.6682
1433.3334	1114.0319
1434.9182	1112.8033
1436.5031	1121.8595
1438.0879	1115.3872
1439.6729	1118.5997
1441.2577	1119.6525
1442.8425	1122.09
1444.4274	1122.4751
1446.0123	1121.121
1447.5972	1119.6644
1449.182	1118.538
1450.7668	1123.4238
1452.3517	1116.0511
1453.9366	1128.7528
1455.5215	1126.7721
1457.1063	1118.1222
1458.6912	1127.1722
1460.2761	1122.1504
1461.861	1128.316
1463.4458	1127.5631
1465.0306	1128.1519
1466.6156	1129.5271
1468.2004	1125.1267
1469.7853	1130.7411
1471.3701	1117.7803
1472.955	1123.3754
1474.5399	1125.0057
1476.1248	1121.8245
1477.7096	1110.3729
1479.2944	1107.1757
1480.8794	1115.0928
1482.4642	1120.5178
1484.0491	1103.8683
1485.6339	1100.2469
1487.2189	1119.7974
1488.8037	1127.7484
1490.3885	1130.9513
1491.9734	1116.5123
1493.5582	1112.1083
1495.1432	1115.4893
1496.728	1107.767
1498.3129	1097.698
1499.8977	1121.7618
1501.4827	1122.1584
1503.0675	1120.5277
1504.6523	1119.7975
1506.2372	1112.4392
1507.8221	1116.797
1509.407	1122.0436
1510.9918	1133.1595
1512.5767	1131.7094
1514.1615	1124.0201
1515.7465	1121.8407
1517.3313	1127.457
1518.9161	1122.4618
1520.501	1111.3259
1522.0859	1122.1639
1523.6708	1117.0385
1525.2556	1116.0139
1526.8405	1121.1708
1528.4254	1119.4377
1530.0103	1123.1229
1531.5951	1125.5554
1533.1799	1110.7837
1534.7648	1127.8068
1536.3497	1140.4404
1537.9346	1138.1323
1539.5194	1128.2571
1541.1042	1127.3793
1542.6892	1128.2236
1544.274	1122.6965
1545.8589	1123.989
1547.4437	1130.4584
1549.0287	1124.2726
1550.6135	1121.0811
1552.1984	1128.053
1553.7832	1123.0795
1555.368	1127.9934
1556.953	1133.9629
1558.5378	1123.0627
1560.1227	1120.0175
1561.7075	1132.6853
1563.2925	1135.4709
1564.8773	1124.3047
1566.4622	1120.9932
1568.047	1138.2797
1569.632	1132.2914
1571.2168	1141.7695
1572.8016	1130.4135
1574.3865	1127.156
1575.9713	1143.3063
1577.5563	1127.9211
1579.1411	1129.3074
1580.726	1125.9299
1582.3108	1124.0956
1583.8958	1125.2437
1585.4806	1122.551
1587.0654	1126.9738
1588.6503	1123.7109
1590.2352	1126.5497
1591.8201	1138.3025
1593.4049	1135.2795
1594.9897	1133.8475
1596.5746	1128.8859
1598.1595	1135.9338
1599.7444	1130.7097
1601.3292	1126.2159
1602.9141	1136.3179
1604.499	1134.1007
1606.0839	1115.2853
1607.6687	1141.1123
1609.2535	1127.8829
1610.8385	1141.3668
1612.4233	1138.1865
1614.0082	1129.5909
1615.593	1137.2483
1617.1779	1127.3508
1618.7628	1132.144
1620.3477	1129.23
1621.9325	1138.7313
1623.5173	1134.04
1625.1023	1130.4706
1626.6871	1130.2184
1628.272	1137.6586
1629.8568	1142.7036
1631.4418	1128.8689
1633.0266	1140.5806
1634.6115	1128.0702
1636.1963	1130.2245
1637.7811	1133.504
1639.3661	1129.7882
1640.9509	1139.0345
1642.5358	1125.6212
1644.1206	1128.2255
1645.7056	1126.226
1647.2904	1137.3928
1648.8752	1124.4196
1650.4601	1131.5103
1652.045	1123.844
1653.6299	1125.7164
1655.2147	1131.7537
1656.7996	1130.7169
1658.3844	1133.5082
1659.9694	1123.1067
1661.5542	1125.9967
1663.139	1121.2863
1664.7239	1117.4911
1666.3088	1135.7207
1667.8937	1134.9729
1669.4785	1127.4856
1671.0634	1136.9387
1672.6483	1133.8914
1674.2332	1124.938
1675.818	1123.6304
1677.4028	1132.1436
1678.9877	1133.9783
1680.5726	1126.5116
1682.1575	1122.453
1683.7423	1145.6647
1685.3271	1124.6996
1686.9121	1125.0078
1688.4969	1136.381
1690.0818	1141.2145
1691.6666	1136.4233
1693.2516	1143.8247
1694.8364	1137.2546
1696.4213	1133.8478
1698.0061	1133.6504
1699.5909	1134.3954
1701.1759	1113.8219
1702.7607	1129.8708
1704.3456	1126.037
1705.9304	1123.8077
1707.5154	1127.1169
1709.1002	1129.2603
1710.6851	1130.6305
1712.2699	1123.4392
1713.8549	1134.9407
1715.4397	1151.2562
1717.0245	1149.6262
1718.6094	1135.9679
1720.1942	1129.0651
1721.7792	1121.2773
1723.364	1138.7167
1724.9489	1134.0951
1726.5337	1129.4729
1728.1187	1140.0837
1729.7035	1145.5911
1731.2883	1144.2755
1732.8732	1146.5562
1734.4581	1132.8326
1736.043	1146.9031
1737.6278	1142.4669
1739.2126	1135.9789
1740.7975	1134.6542
1742.3824	1144.395
1743.9673	1143.3379
1745.5521	1143.7247
1747.137	1130.1627
1748.7219	1131.6089
1750.3068	1135.0168
1751.8916	1137.283
1753.4764	1149.5751
1755.0614	1148.6881
1756.6462	1140.1458
1758.2311	1133.8451
1759.8159	1152.7266
1761.4009	1155.7728
1762.9857	1136.4821
1764.5706	1129.0161
1766.1554	1135.9255
1767.7402	1146.1378
1769.3252	1151.3621
1770.91	1143.7822
1772.4949	1142.8875
1774.0797	1139.2726
1775.6647	1141.6279
1777.2495	1133.6595
1778.8344	1128.5636
1780.4192	1154.1152
1782.0042	1149.3108
1783.589	1144.902
1785.1738	1148.9525
1786.7587	1139.6566
1788.3435	1141.522
1789.9285	1143.52
1791.5133	1140.7112
1793.0981	1142.1207
1794.683	1135.2295
1796.2679	1150.5707
1797.8528	1147.3923
1799.4376	1140.1611
1801.0225	1155.2476
1802.6074	1152.0823
1804.1923	1164.3278
1805.7771	1147.1814
1807.3619	1145.2452
1808.9468	1134.96
1810.5317	1137.0137
1812.1166	1143.7675
1813.7014	1140.6605
1815.2863	1140.0392
1816.8712	1139.4987
1818.4561	1143.621
1820.0409	1129.1312
1821.6257	1143.9097
1823.2107	1146.0343
1824.7955	1145.9614
1826.3804	1148.5483
1827.9652	1144.0935
1829.55	1148.6729
1831.135	1147.412
1832.7198	1137.0343
1834.3047	1140.9034
1835.8895	1152.2129
1837.4745	1143.173
1839.0593	1141.4489
1840.6442	1148.4293
1842.229	1156.9578
1843.814	1144.6094
1845.3988	1145.3892
1846.9836	1138.1079
1848.5685	1142.5389
1850.1533	1148.1833
1851.7383	1146.743
1853.3231	1151.3772
1854.908	1143.4869
1856.4928	1141.1124
1858.0778	1130.719
1859.6626	1144.9568
1861.2474	1143.8553
1862.8323	1144.0781
1864.4172	1142.5806
1866.0021	1153.7749
1867.5869	1166.556
1869.1718	1143.3171
1870.7566	1141.127
1872.3416	1144.3831
1873.9264	1134.5956
1875.5112	1138.1261
1877.0961	1137.8683
1878.681	1152.6771
1880.2659	1148.1545
1881.8507	1136.98
1883.4355	1148.9254
1885.0205	1144.9862
1886.6053	1144.1173
1888.1902	1147.6333
1889.775	1144.813
1891.3599	1138.4482
1892.9448	1139.2158
1894.5297	1132.697
1896.1145	1124.225
1897.6993	1148.4709
1899.2843	1149.3574
1900.8691	2197.2659
1902.454	2049.6565
1904.0388	1308.5652
1905.6238	1148.429
1907.2086	1144.1832
1908.7935	1152.155
1910.3783	1154.7402
1911.9631	1146.152
1913.5481	1153.2155
1915.1329	1142.5428
1916.7178	1146.0719
1918.3026	1146.964
1919.8876	1148.0331
1921.4724	1149.5206
1923.0573	1134.5435
1924.6421	1148.6703
1926.2271	1146.4462
1927.8119	1160.4525
1929.3967	1156.2076
1930.9816	1149.5244
1932.5664	1136.726
1934.1514	1151.4067
1935.7362	1155.9502
1937.321	1150.6675
1938.9059	1144.0979
1940.4908	1150.8976
1942.0757	1148.0161
1943.6605	1142.6307
1945.2454	1153.772
1946.8303	1154.1013
1948.4152	1154.6173
1950	1152.4277
1951.5848	1134.1169
1953.1697	1140.9537
1954.7546	1156.2716
1956.3395	1151.3173
1957.9243	1143.5012
1959.5092	1150.1251
1961.0941	1147.0916
1962.679	1141.5765
1964.2638	1150.584
1965.8486	1143.6194
1967.4336	1143.5422
1969.0184	1143.5951
1970.6033	1144.5117
1972.1881	1146.399
1973.7729	1151.2776
1975.3579	1159.0426
1976.9427	1147.7015
1978.5276	1142.9792
1980.1124	1138.4462
1981.6974	1145.4762
1983.2822	1144.6025
1984.8671	1150.386
1986.4519	1143.9095
1988.0369	1140.51
1989.6217	1137.6357
1991.2065	1146.0834
1992.7914	1153.1298
1994.3762	1139.2584
1995.9612	1135.2189
1997.546	1146.4647
1999.1309	1134.5099
2000.7157	1138.0861
2002.3007	1127.7567
2003.8855	1143.6472
2005.4703	1139.8732
2007.0552	1140.2522
2008.6401	1135.8334
2010.225	1138.4763
2011.8098	1149.5261
2013.3947	1150.2594
2014.9795	1132.4447
2016.5645	1138.3149
2018.1493	1127.1144
2019.7341	1130.0864
2021.319	1138.8235
2022.9039	1133.0427
2024.4888	1140.9285
2026.0736	1154.4052
2027.6584	1144.1477
2029.2434	1141.4222
2030.8282	1141.7317
2032.4131	1138.9268
2033.9979	1133.7253
2035.5828	1129.6471
2037.1677	1132.0778
2038.7526	1134.7468
2040.3374	1148.4177
2041.9222	1133.7653
2043.5072	1140.9266
2045.092	1132.7904
2046.6769	1135.1794
2048.2617	1135.1459
2049.8467	1138.3127
2051.4314	1142.1719
2053.0164	1142.3868
2054.6013	1142.1863
2056.186	1143.2179
2057.771	1137.4672
2059.3557	1143.4059
2060.9407	1150.6277
2062.5256	1142.093
2064.1104	1156.4248
2065.6953	1145.6428
2067.2803	1142.7599
2068.865	1135.4994
2070.45	1145.6642
2072.0347	1132.8601
2073.6196	1153.0313
2075.2046	1145.8055
2076.7893	1146.8245
2078.3743	1162.2681
2079.959	1157.1433
2081.5439	1158.5276
2083.1289	1148.2614
2084.7136	1142.4127
2086.2986	1151.6317
2087.8835	1144.2971
2089.4683	1150.829
2091.0532	1156.2252
2092.6379	1153.3219
2094.2229	1174.8689
2095.8079	1175.3245
2097.3926	1178.3407
2098.9775	1166.7174
2100.5623	1158.2716
2102.1472	1141.6295
2103.7322	1146.5469
2105.3169	1147.7775
2106.9019	1146.4402
2108.4868	1153.2057
2110.0715	1152.153
2111.6565	1145.9635
2113.2412	1153.3896
2114.8262	1152.4398
2116.4111	1144.4028
2117.9958	1144.2712
2119.5808	1146.9238
2121.1655	1143.7266
2122.7505	1154.6256
2124.3354	1152.7144
2125.9202	1148.0143
2127.5051	1160.0809
2129.0901	1153.1604
2130.6748	1166.4987
2132.2598	1154.4691
2133.8445	1137.5675
2135.4294	1137.8121
2137.0144	1140.5005
2138.5991	1148.9625
2140.1841	1149.882
2141.7688	1149.6985
2143.3538	1143.2594
2144.9387	1128.6321
2146.5234	1136.2311
2148.1084	1149.7725
2149.6934	1144.6412
2151.2781	1130.1935
2152.863	1138.645
2154.4478	1147.0623
2156.0327	1154.7642
2157.6177	1153.9928
2159.2024	1178.4189
2160.7874	1172.5155
2162.3721	1154.954
2163.957	1153.9729
2165.542	1151.214
2167.1267	1141.4417
2168.7117	1131.3309
2170.2966	1142.5378
2171.8813	1150.8517
2173.4663	1136.4005
2175.051	1146.246
2176.636	1147.5662
2178.2209	1136.6243
2179.8057	1136.984
2181.3906	1142.6765
2182.9753	1140.473
2184.5603	1132.2325
2186.1453	1129.8542
2187.73	1136.0507
2189.3149	1139.4784
2190.8999	1146.7251
2192.4846	1144.1552
2194.0696	1121.7379
2195.6543	1139.1707
2197.2393	1137.9562
2198.8242	1151.2501
2200.4089	1149.4806
2201.9939	1148.783
2203.5786	1139.8346
2205.1636	1142.5858
2206.7485	1151.4089
2208.3333	1150.3947
2209.9182	1145.0405
2211.5032	1138.6448
2213.0879	1133.6116
2214.6729	1143.2389
2216.2576	1140.505
2217.8425	1153.5903
2219.4275	1143.325
2221.0122	1143.1821
2222.5972	1139.5874
2224.1819	1137.3787
2225.7668	1138.7473
2227.3518	1145.1742
2228.9365	1138.7266
2230.5215	1137.5605
2232.1064	1143.7653
2233.6912	1145.0028
2235.2761	1148.973
2236.8608	1155.9572
2238.4458	1151.2183
2240.0308	1150.1636
2241.6155	1136.4991
2243.2004	1131.0385
2244.7852	1135.7135
2246.3701	1144.0443
2247.9551	1145.604
2249.5398	1145.7789
2251.1248	1139.0913
2252.7097	1140.5354
2254.2944	1154.5818
2255.8794	1152.3638
2257.4641	1147.4918
2259.0491	1150.1133
2260.634	1131.9933
2262.2188	1138.2974
2263.8037	1143.7283
2265.3884	1148.2733
2266.9734	1144.9978
2268.5583	1155.437
2270.1431	1152.3208
2271.728	1144.2926
2273.313	1144.4166
2274.8977	1133.9762
2276.4827	1142.7328
2278.0674	1139.2802
2279.6523	1145.2504
2281.2373	1154.631
2282.822	1148.7677
2284.407	1149.298
2285.9917	1149.5564
2287.5767	1147.8182
2289.1616	1137.355
2290.7463	1135.5236
2292.3313	1151.7775
2293.9163	1145.3213
2295.501	1150.0892
2297.0859	1139.8124
2298.6707	1136.5923
2300.2556	1135.7365
2301.8406	1148.955
2303.4253	1155.0232
2305.0103	1152.0094
2306.595	1154.9044
2308.1799	1147.1211
2309.7649	1153.5421
2311.3496	1137.7964
2312.9346	1139.7527
2314.5195	1158.3951
2316.1042	1155.1647
2317.6892	1145.3433
2319.2739	1137.9069
2320.8589	1152.5793
2322.4438	1147.686
2324.0286	1143.45
2325.6135	1142.2891
2327.1982	1147.3054
2328.7832	1210.7285
2330.3682	1216.0803
2331.9529	1162.0692
2333.5378	1147.7745
2335.1228	1149.0311
2336.7075	1158.9308
2338.2925	1138.8378
2339.8772	1129.1886
2341.4622	1133.2334
2343.0471	1145.3656
2344.6318	1150.2882
2346.2168	1226.1536
2347.8018	1352.6805
2349.3865	1148.1066
2350.9714	1158.4189
2352.5562	1150.3983
2354.1411	1141.3003
2355.7261	1148.5476
2357.3108	1145.5029
2358.8958	1145.0557
2360.4805	1139.0612
2362.0654	1139.1804
2363.6504	1144.3033
2365.2351	1146.2109
2366.8201	1136.4857
2368.405	1148.3102
2369.9897	1141.7655
2371.5747	1141.322
2373.1594	1144.1005
2374.7444	1146.5665
2376.3293	1137.8423
2377.9141	1138.2676
2379.499	1134.6471
2381.0837	1135.5925
2382.6687	1132.3226
2384.2537	1133.0298
2385.8384	1135.828
2387.4233	1147.2117
2389.0083	1262.9631
2390.593	1567.2172
2392.178	1208.9526
2393.7627	1147.3193
2395.3477	1137.2797
2396.9326	1127.0647
2398.5173	1122.2032
2400.1023	1140.634
2401.687	1138.9879
2403.272	1142.4441
2404.8569	1142.1152
2406.4417	1133.4626
2408.0266	1128.5306
2409.6116	1143.6908
2411.1963	1144.4629
2412.7813	1151.5865
2414.366	1136.6689
2415.9509	1128.2562
2417.5359	1131.9939
2419.1206	1141.2855
2420.7056	1131.5048
2422.2903	1141.5232
2423.8752	1145.719
2425.4602	1150.8585
2427.0449	1142.861
2428.6299	1134.1907
2430.2148	1124.6927
2431.7996	1135.3215
2433.3845	1133.1174
2434.9692	1118.0364
2436.5542	1129.7419
2438.1392	1125.0339
2439.7239	1122.4294
2441.3088	1127.0862
2442.8936	1116.2539
2444.4785	1124.9833
2446.0635	1122.1382
2447.6482	1119.5645
2449.2332	1129.6329
2450.8181	1116.8522
2452.4028	1131.1519
2453.9878	1140.9573
2455.5725	1131.3661
2457.1575	1122.6168
2458.7424	1128.5898
2460.3271	1140.6624
2461.9121	1125.377
2463.4968	1134.8331
2465.0818	1128.2305
2466.6667	1124.1279
2468.2515	1121.6716
2469.8364	1135.5681
2471.4214	1140.9034
2473.0061	1140.3654
2474.5911	1119.4606
2476.1758	1125.626
2477.7607	1123.9093
2479.3457	1128.0795
2480.9304	1138.3752
2482.5154	1133.2283
2484.1001	1132.8942
2485.6851	1119.3239
2487.27	1126.8239
2488.8547	1129.8468
2490.4397	1124.104
2492.0247	1123.3289
2493.6094	1123.2769
2495.1943	1121.9769
2496.7791	1126.6116
2498.364	1123.043
2499.949	1117.8341
2501.5337	1117.4365
2503.1187	1110.4899
2504.7034	1123.0594
2506.2883	1352.0183
2507.8733	1216.1804
2509.458	1136.6945
2511.043	1126.0544
2512.6279	1121.5245
2514.2126	1135.1952
2515.7976	1123.473
2517.3823	1119.0466
2518.9673	1119.5973
2520.5522	1130.0829
2522.137	1121.5782
2523.7219	1117.3809
2525.3066	1123.2056
2526.8916	1128.9141
2528.4766	1125.5123
2530.0613	1122.3971
2531.6462	1117.9128
2533.2312	1117.6138
2534.8159	1109.3656
2536.4009	1115.4663
2537.9856	1122.4266
2539.5706	1119.0645
2541.1555	1125.8524
2542.7402	1129.8981
2544.3252	1115.2058
2545.9099	1112.3772
2547.4949	1117.2631
2549.0798	1107.3032
2550.6646	1103.1758
2552.2495	1119.6569
2553.8345	1114.8022
2555.4192	1120.2465
2557.0042	1120.4877
2558.5889	1118.7383
2560.1738	1123.1486
2561.7588	1123.9198
2563.3435	1118.6035
2564.9285	1106.2014
2566.5132	1106.3185
2568.0981	1111.9802
2569.6831	1117.5073
2571.2678	1114.5417
2572.8528	1122.3527
2574.4377	1112.6863
2576.0225	1106.4744
2577.6074	1104.1575
2579.1921	1108.8357
2580.7771	1106.1874
2582.3621	1115.3951
2583.9468	1124.167
2585.5317	1117.9125
2587.1165	1100.8655
2588.7014	1118.754
2590.2864	1115.4156
2591.8711	1110.3705
2593.4561	1102.912
2595.041	1087.4293
2596.6257	1102.7039
2598.2107	1117.584
2599.7954	1100.5483
2601.3804	1105.5957
2602.9653	1110.0938
2604.55	1107.6282
2606.135	1097.2509
2607.7197	1106.8204
2609.3047	1104.4784
2610.8896	1106.1808
2612.4744	1089.5065
2614.0593	1099.8618
2615.6443	1096.5806
2617.229	1102.8936
2618.814	1107.9973
2620.3987	1090.4436
2621.9836	1097.3641
2623.5686	1105.1716
2625.1533	1102.8231
2626.7383	1102.9783
2628.323	1097.3881
2629.908	1100.7909
2631.4929	1098.6241
2633.0776	1111.0293
2634.6626	1096.725
2636.2476	1097.6641
2637.8323	1101.9186
2639.4172	1100.8524
2641.002	1093.7878
2642.5869	1093.5
2644.1719	1097.5242
2645.7566	1109.6849
2647.3416	1098.7753
2648.9263	1112.4915
2650.5112	1093.451
2652.0962	1106.23
2653.6809	1106.3445
2655.2659	1100.7361
2656.8508	1097.0374
2658.4355	1105.2375
2660.0205	1095.8496
2661.6052	1098.3429
2663.1902	1105.2979
2664.7751	1088.4191
2666.3599	1100.7972
2667.9448	1097.7046
2669.5295	1100.7177
2671.1145	1097.3219
2672.6995	1099.9825
2674.2842	1098.5112
2675.8691	1088.0488
2677.4541	1102.0863
2679.0388	1104.3956
2680.6238	1092.8188
2682.2085	1094.1538
2683.7935	1083.4819
2685.3784	1095.2413
2686.9631	1091.0282
2688.5481	1096.8291
2690.1328	1099.8923
2691.7178	1094.5723
2693.3027	1090.8174
2694.8875	1095.3003
2696.4724	1088.0615
2698.0574	1083.7386
2699.6421	1088.261
2701.2271	1083.0975
2702.8118	1082.7568
2704.3967	1098.8389
2705.9817	1100.9423
2707.5664	1080.4871
2709.1514	1085.0491
2710.7361	1079.2598
2712.321	1082.7767
2713.906	1078.6381
2715.4907	1088.5127
2717.0757	1075.7775
2718.6606	1086.9705
2720.2454	1090.2877
2721.8303	1074.4408
2723.415	1084.4578
2725	1072.2944
2726.585	1068.5576
2728.1697	1077.7096
2729.7546	1076.6426
2731.3394	1083.962
2732.9243	1085.1865
2734.5093	1074.088
2736.094	1082.0833
2737.679	1077.9591
2739.2639	1078.7753
2740.8486	1088.5004
2742.4336	1072.4919
2744.0183	1074.2046
2745.6033	1082.6924
2747.1882	1077.3706
2748.7729	1086.0865
2750.3579	1094.5334
2751.9426	1078.2698
2753.5276	1079.1887
2755.1125	1080.9036
2756.6973	1066.4449
2758.2822	1069.46
2759.8672	1072.4536
2761.4519	1072.3353
2763.0369	1077.4719
2764.6216	1077.0157
2766.2065	1070.7958
2767.7915	1068.5454
2769.3762	1070.3164
2770.9612	1071.7806
2772.5459	1074.8224
2774.1309	1072.1102
2775.7158	1069.6504
2777.3005	1072.2488
2778.8855	1077.3247
2780.4705	1069.5481
2782.0552	1090.6442
2783.6401	1073.1541
2785.2249	1067.1237
2786.8098	1059.4812
2788.3948	1072.4385
2789.9795	1089.6427
2791.5645	1077.5925
2793.1492	1080.422
2794.7341	1069.3752
2796.3191	1060.5552
2797.9038	1068.9592
2799.4888	1063.4998
2801.0737	1074.0002
2802.6584	1067.2897
2804.2434	1074.2212
2805.8281	1076.6917
2807.4131	1075.3645
2808.998	1068.7517
2810.5828	1071.5726
2812.1677	1070.5991
2813.7524	1054.7151
2815.3374	1052.7422
2816.9224	1063.5096
2818.5071	1071.9829
2820.092	1051.606
2821.677	1061.7211
2823.2617	1070.98
2824.8467	1067.8396
2826.4314	1064.5143
2828.0164	1065.9408
2829.6013	1056.1814
2831.186	1073.4032
2832.771	1067.3864
2834.3557	1067.8201
2835.9407	1060.8418
2837.5256	1062.7079
2839.1104	1060.4868
2840.6953	1063.9153
2842.2803	1058.6465
2843.865	1053.1569
2845.45	1051.7827
2847.0347	1052.6417
2848.6196	1062.7299
2850.2046	1064.894
2851.7893	1065.7854
2853.3743	1056.2673
2854.959	1062.1433
2856.5439	1061.2651
2858.1289	1048.8582
2859.7136	1059.4476
2861.2986	1061.5532
2862.8835	1048.509
2864.4683	1047.3036
2866.0532	1059.3765
2867.6379	1054.9728
2869.2229	1054.7826
2870.8079	1050.5421
2872.3926	1042.8657
2873.9775	1048.8341
2875.5623	1052.0577
2877.1472	1055.7209
2878.7322	1038.7744
2880.3169	1052.5148
2881.9019	1048.8584
2883.4868	1050.8894
2885.0715	1056.871
2886.6565	1035.0643
2888.2412	1035.0115
2889.8262	1039.1953
2891.4111	1047.614
2892.9958	1036.2642
2894.5808	1054.4368
2896.1655	1043.502
2897.7505	1037.7374
2899.3354	1045.9332
2900.9202	1043.347
2902.5051	1037.2507
2904.0901	1039.0389
2905.6748	1039.8903
2907.2598	1049.3492
2908.8445	1044.6293
2910.4294	1035.6796
2912.0144	1040.9117
2913.5991	1040.575
2915.1841	1040.3409
2916.7688	1036.1521
2918.3538	1039.1216
2919.9387	1030.512
2921.5234	1041.5553
2923.1084	1042.8461
2924.6934	1031.6414
2926.2781	1029.6528
2927.863	1030.4475
2929.4478	1035.3326
2931.0327	1038.6366
2932.6177	1045.4625
2934.2024	1040.202
2935.7874	1034.2914
2937.3721	1037.4437
2938.957	1044.072
2940.542	1033.0684
2942.1267	1023.9728
2943.7117	1027.8777
2945.2966	1028.7371
2946.8813	1047.3954
2948.4663	1032.922
2950.051	1034.4323
2951.636	1048.3472
2953.2209	1041.9502
2954.8057	1032.7941
2956.3906	1038.2004
2957.9753	1042.3407
2959.5603	1028.7684
2961.1453	1028.2152
2962.73	1036.199
2964.3149	1036.3303
2965.8999	1030.5532
2967.4846	1030.814
2969.0696	1041.9822
2970.6543	1032.4086
2972.2393	1032.3225
2973.8242	1031.0824
2975.4089	1035.4988
2976.9939	1030.8887
2978.5786	1032.8187
2980.1636	1035.4781
2981.7485	1033.4368
2983.3333	1040.4802
2984.9182	1026.481
2986.5032	1039.8137
2988.0879	1031.9851
2989.6729	1022.8712
2991.2576	1018.4075
2992.8425	1034.6235
2994.4275	1029.0978
2996.0122	1031.3613
2997.5972	1031.731
2999.1819	1038.4462
3000.7668	1030.2709
3002.3518	1023.8266
3003.9365	1027.7979
3005.5215	1025.2839
3007.1064	1033.2666
3008.6912	1027.1552
3010.2761	1032.099
3011.8608	1020.2487
3013.4458	1017.643
3015.0308	1024.251
3016.6155	1025.6729
3018.2004	1032.3704
3019.7852	1023.5489
3021.3701	1019.0455
3022.9551	1015.085
3024.5398	1017.4562
3026.1248	1025.271
3027.7097	1027.3752
3029.2944	1025.6527
3030.8794	1029.0306
3032.4641	1029.0143
3034.0491	1025.5089
3035.634	1019.2608
3037.2188	1020.9822
3038.8037	1024.1649
3040.3884	1023.4509
3041.9734	1020.9658
3043.5583	1030.6874
3045.1431	1026.1245
3046.728	1025.1201
3048.313	1033.0569
3049.8977	1038.1814
3051.4827	1036.3341
3053.0674	1055.1981
3054.6523	1031.5116
3056.2373	1037.6199
3057.822	1038.8215
3059.407	1050.6716
3060.9917	1064.1147
3062.5767	1073.4846
3064.1616	1070.6598
3065.7463	1078.3939
3067.3313	1089.2074
3068.9163	1088.6807
3070.501	1078.7581
3072.0859	1083.5454
3073.6707	1073.9739
3075.2556	1069.4928
3076.8406	1068.2234
3078.4253	1060.5696
3080.0103	1059.5763
3081.595	1042.8395
3083.1799	1055.3716
3084.7649	1059.4303
3086.3496	1034.2238
3087.9346	1025.7931
3089.5195	1030.1682
3091.1042	1035.9236
3092.6892	1028.9729
3094.2739	1019.6987
3095.8589	1008.9071
3097.4438	1024.6189
3099.0286	1026.2296
3100.6135	1022.8572
3102.1982	1031.5739
3103.7832	1022.4419
3105.3682	1020.1022
3106.9529	1026.1593
3108.5378	1020.3651
3110.1228	1021.8223
3111.7075	1014.8964
3113.2925	1016.3044
3114.8772	1017.1948
3116.4622	1028.7997
3118.0471	1018.4838
3119.6318	1019.3187
3121.2168	1035.8093
3122.8018	1016.9061
3124.3865	1013.0054
3125.9714	1011.1472
3127.5562	1013.4489
3129.1411	1016.9063
3130.7261	1008.5378
3132.3108	1010.3699
3133.8958	1006.4388
3135.4805	1013.5512
3137.0654	1016.8298
3138.6504	1007.4474
3140.2351	1018.7595
3141.8201	1013.7876
3143.405	1009.268
3144.9897	1000.436
3146.5747	1014.6429
3148.1594	1004.2469
3149.7444	1017.1204
3151.3293	1004.2157
3152.9141	1011.0532
3154.499	1020.6778
3156.0837	1014.4451
3157.6687	1012.0768
3159.2537	1003.6665
3160.8384	1016.6774
3162.4233	1015.0225
3164.0083	1013.4707
3165.593	1007.5378
3167.178	1000.7466
3168.7627	1000.8112
3170.3477	1008.9037
3171.9326	1003.5666
3173.5173	1012.9278
3175.1023	1006.5297
3176.687	999.85461
3178.272	990.67639
3179.8569	1002.6071
3181.4417	1002.1067
3183.0266	1004.1941
3184.6116	1009.3242
3186.1963	998.20679
3187.7813	1008.5862
3189.366	1001.2126
3190.9509	991.19824
3192.5359	1000.717
3194.1206	1001.0528
3195.7056	998.55328
3197.2903	995.35156
3198.8752	1003.7926
3200.4602	1010.7656
3202.0449	1001.3429
3203.6299	990.31793
3205.2148	979.07092
3206.7996	994.19336
3208.3845	995.68719
3209.9692	995.48645
3211.5542	991.63208
3213.1392	990.79974
3214.7239	996.0553
3216.3088	987.93958
3217.8936	988.17834
3219.4785	983.23999
3221.0635	994.66327
3222.6482	998.51801
3224.2332	996.16193
3225.8181	993.5354
3227.4028	997.51251
3228.9878	999.80591
3230.5725	989.90802
3232.1575	988.427
3233.7424	996.62976
3235.3271	992.77368
3236.9121	988.16748
3238.4968	984.6712
3240.0818	984.04517
3241.6667	974.50842
3243.2515	985.09833
3244.8364	987.12
3246.4214	983.15961
3248.0061	991.99841
3249.5911	995.67566
3251.1758	990.5567
3252.7607	991.37964
3254.3457	986.64374
3255.9304	984.25555
3257.5154	986.38428
3259.1001	983.29114
3260.6851	985.50952
3262.27	982.61743
3263.8547	978.90314
3265.4397	982.85602
3267.0247	970.38013
3268.6094	987.1106
3270.1943	978.15729
3271.7791	978.34344
3273.364	995.21216
3274.949	983.43964
3276.5337	985.13934
3278.1187	982.19153
3279.7034	999.15729
3281.2883	984.50812
3282.8733	989.75824
3284.458	979.20996
3286.043	975.54803
3287.6279	980.07703
3289.2126	986.30023
3290.7976	985.3681
3292.3823	986.12286
3293.9673	979.55585
3295.5522	983.79822
3297.137	977.58966
3298.7219	977.60223
3300.3066	967.36566
3301.8916	982.18018
3303.4766	987.15918
3305.0613	988.26154
3306.6462	980.21191
3308.2312	981.31458
3309.8159	975.2757
3311.4009	981.60925
3312.9856	983.93469
3314.5706	974.28558
3316.1555	971.4613
3317.7402	976.73071
3319.3252	980.80957
3320.9099	982.71344
3322.4949	979.91949
3324.0798	975.26849
3325.6646	977.73102
3327.2495	971.71631
3328.8345	970.05267
3330.4192	973.33295
3332.0042	970.89471
3333.5889	968.93054
3335.1738	978.35364
3336.7588	966.5271
3338.3435	976.76599
3339.9285	977.25787
3341.5132	969.28644
3343.0981	966.95074
3344.6831	964.64514
3346.2678	966.60706
3347.8528	963.50452
3349.4377	974.96973
3351.0225	967.88953
3352.6074	974.03448
3354.1921	960.1825
3355.7771	964.98572
3357.3621	959.83081
3358.9468	969.45087
3360.5317	969.30701
3362.1165	970.12555
3363.7014	967.90997
3365.2864	964.45715
3366.8711	966.18433
3368.4561	955.2594
3370.041	979.36096
3371.6257	974.1189
3373.2107	969.94153
3374.7954	958.66589
3376.3804	965.71417
3377.9653	953.04907
3379.55	959.93683
3381.135	962.29938
3382.7197	968.55524
3384.3047	969.02142
3385.8896	958.66901
3387.4744	974.75977
3389.0593	979.77802
3390.6443	967.01648
3392.229	967.63654
3393.814	963.13232
3395.3987	965.51392
3396.9836	966.06335
3398.5686	957.50952
3400.1533	960.78882
3401.7383	953.03302
3403.323	956.96838
3404.908	958.0885
3406.4929	962.55328
3408.0776	965.74854
3409.6626	954.23169
3411.2476	969.1593
3412.8323	947.98773
3414.4172	953.03271
3416.002	958.12762
3417.5869	955.60535
3419.1719	954.85345
3420.7566	962.7038
3422.3416	958.11694
3423.9263	953.62598
3425.5112	952.06055
3427.0962	955.08582
3428.6809	960.15912
3430.2659	956.96991
3431.8508	955.91577
3433.4355	947.78949
3435.0205	950.93585
3436.6052	956.00958
3438.1902	951.29132
3439.7751	947.44965
3441.3599	954.99109
3442.9448	949.95691
3444.5295	950.82434
3446.1145	947.64825
3447.6995	957.82336
3449.2842	947.36212
3450.8691	945.90387
3452.4541	949.19061
3454.0388	942.65222
3455.6238	951.03644
3457.2085	949.07245
3458.7935	945.47748
3460.3784	950.23059
3461.9631	942.22443
3463.5481	936.99219
3465.1328	935.49207
3466.7178	954.54578
3468.3027	944.64868
3469.8875	944.74139
3471.4724	941.26038
3473.0574	938.96063
3474.6421	937.00958
3476.2271	941.30927
3477.8118	941.138
3479.3967	940.6767
3480.9817	946.48352
3482.5664	945.63562
3484.1514	941.91663
3485.7361	938.74561
3487.321	942.23541
3488.906	930.30188
3490.4907	939.30048
3492.0757	932.93542
3493.6606	936.65149
3495.2454	934.77832
3496.8303	933.78003
3498.415	935.14746
3500	930.12128
