400	1047.1913
401.58487	1048.7076
403.16974	1036.1937
404.75461	1035.3439
406.33948	1041.5126
407.92435	1054.9552
409.50922	1047.9193
411.09406	1048.4133
412.67892	1045.1486
414.26379	1046.9537
415.84866	1045.8099
417.43353	1041.6179
419.0184	1054.8015
420.60327	1054.0228
422.18814	1044.1193
423.77301	1036.3916
425.35788	1040.1721
426.94275	1036.5543
428.52762	1037.8385
430.11249	1027.36
431.69733	1043.4249
433.2822	1050.1018
434.86707	1046.6034
436.45193	1043.6793
438.0368	1038.4731
439.62167	1045.6893
441.20654	1048.2468
442.79141	1046.9729
444.37628	1053.0137
445.96115	1055.1849
447.54602	1042.3624
449.13089	1038.8105
450.71576	1044.0598
452.30063	1044.0621
453.88547	1043.553
455.47034	1048.5741
457.05521	1042.5175
458.64008	1042.7369
460.22495	1038.9735
461.80981	1047.323
463.39468	1051.4629
464.97955	1051.9027
466.56442	1037.1648
468.14929	1040.4185
469.73416	1052.2294
471.31903	1046.0914
472.9039	1040.6503
474.48874	1048.8495
476.07361	1044.8665
477.65848	1040.1024
479.24335	1049.5142
480.82822	1050.8325
482.41309	1058.8308
483.99796	1062.1062
485.58282	1047.6862
487.16769	1048.4659
488.75256	1040.1226
490.33743	1042.3141
491.9223	1041.73
493.50717	1043.79
495.09201	1039.5693
496.67688	1037.3661
498.26175	1037.3533
499.84662	1039.7527
501.43149	1044.5645
503.01636	1058.1823
504.60123	1052.6814
506.1861	1045.6199
507.77097	1049.5345
509.35583	1038.248
510.9407	1034.6479
512.52557	1047.1735
514.11041	1049.3055
515.69531	1054.046
517.28015	1052.4135
518.86505	1043.3173
520.44989	1049.2205
522.03479	1058.1058
523.61963	1047.0999
525.20453	1041.3356
526.78937	1042.735
528.37421	1049.6387
529.95911	1054.9603
531.54395	1051.0793
533.12885	1047.9722
534.71368	1042.0984
536.29858	1038.4115
537.88342	1043.733
539.46832	1036.9521
541.05316	1030.6804
542.63806	1034.7306
544.2229	1045.1089
545.8078	1049.0809
547.39264	1042.9146
548.97748	1040.5712
550.56238	1033.6791
552.14722	1046.8164
553.73212	1045.7267
555.31696	1039.864
556.90186	1047.4534
558.48669	1047.1505
560.07159	1045.5259
561.65643	1050.9348
563.24133	1048.0768
564.82617	1044.0599
566.41107	1044.1504
567.99591	1038.5173
569.58075	1046.3094
571.16565	1046.6029
572.75049	1048.1548
574.33539	1054.5048
575.92023	1047.6212
577.50513	1047.2188
579.08997	1048.9297
580.67487	1048.0935
582.2597	1037.7646
583.8446	1053.2866
585.42944	1049.3176
587.01434	1045.1366
588.59918	1048.7037
590.18402	1047.6135
591.76892	1050.8212
593.35376	1057.0382
594.93866	1039.5131
596.5235	1044.2002
598.1084	1052.6624
599.69324	1051.5393
601.27814	1053.7007
602.86298	1047.3965
604.44788	1039.9161
606.03271	1032.4753
607.61761	1039.3678
609.20245	1036.0677
610.78729	1040.0562
612.37219	1039.8734
613.95703	1037.9438
615.54193	1038.5486
617.12677	1044.5273
618.71167	1035.9382
620.29651	1043.4287
621.88141	1041.4249
623.46625	1042.4114
625.05115	1042.7516
626.63599	1043.7404
628.22089	1045.2772
629.80573	1049.4447
631.39056	1046.7262
632.97546	1041.7185
634.5603	1039.9423
636.1452	1048.7202
637.73004	1050.2877
639.31494	1038.2688
640.89978	1041.2024
642.48468	1042.9121
644.06952	1047.231
645.65442	1042.0873
647.23926	1048.7651
648.82416	1038.8174
650.409	1043.6133
651.99384	1041.2378
653.57874	1038.2976
655.16357	1046.5695
656.74847	1052.7341
658.33331	1044.1
659.91821	1045.0736
661.50305	1035.4402
663.08795	1041.2086
664.67279	1046.8314
666.25769	1048.3243
667.84253	1052.7059
669.42743	1058.7622
671.01227	1045.0461
672.59711	1038.3613
674.18201	1055.3655
675.76685	1051.54
677.35175	1042.036
678.93658	1049.0027
680.52148	1043.7683
682.10632	1044.7118
683.69122	1048.1967
685.27606	1047.0183
686.86096	1050.0819
688.4458	1046.7118
690.0307	1044.656
691.61554	1044.1359
693.20044	1042.0117
694.78528	1052.3633
696.37012	1049.207
697.95502	1051.9224
699.53986	1043.7648
701.12476	1048.62
702.70959	1040.2474
704.29449	1039.8571
705.87933	1041.541
707.46423	1038.765
709.04907	1035.1447
710.63397	1040.0859
712.21881	1053.8059
713.80371	1047.6516
715.38855	1039.1987
716.97339	1037.0151
718.55829	1026.7721
720.14313	1036.0455
721.72803	1042.1987
723.31287	1053.8033
724.89777	1048.7195
726.4826	1038.7317
728.0675	1041.5155
729.65234	1039.8945
731.23724	1050.6796
732.82208	1045.9318
734.40698	1042.876
735.99182	1036.6412
737.57666	1033.9821
739.16156	1031.9762
740.7464	1030.3259
742.3313	1034.3037
743.91614	1036.538
745.50104	1032.2263
747.08588	1038.6624
748.67078	1046.6569
750.25562	1040.125
751.84052	1044.7388
753.42535	1045.7662
755.01025	1035.3353
756.59509	1041.1455
758.17993	1037.6698
759.76483	1036.6917
761.34967	1041.3777
762.93457	1042.2017
764.51941	1038.1389
766.10431	1032.5923
767.68915	1038.9097
769.27405	1040.9445
770.85889	1033.5736
772.44379	1044.1046
774.02863	1051.6554
775.61353	1048.0883
777.19836	1044.2988
778.7832	1051.8593
780.3681	1047.0061
781.95294	1044.361
783.53784	1051.9572
785.12268	1051.4974
786.70758	1057.6063
788.29242	1058.9623
789.87732	1053.8325
791.46216	1050.5139
793.04706	1046.8324
794.6319	1046.7814
796.2168	1045.0427
797.80164	1046.4291
799.38647	1048.2751
800.97137	1048.4065
802.55621	1051.224
804.14111	1051.7756
805.72595	1053.8499
807.31085	1039.6841
808.89569	1035.8035
810.48059	1035.7402
812.06543	1048.9279
813.65033	1062.155
815.23517	1059.3643
816.82007	1045.8059
818.40491	1048.1832
819.98975	1049.1078
821.57465	1049.6069
823.15948	1040.0574
824.74438	1031.4202
826.32922	1057.3623
827.91412	1057.575
829.49896	1051.1749
831.08386	1053.7198
832.6687	1064.2836
834.2536	1056.3474
835.83844	1049.6791
837.42334	1045.0415
839.00818	1048.2383
840.59302	1055.5532
842.17792	1050.4188
843.76276	1040.7313
845.34766	1050.1019
846.9325	1044.9086
848.5174	1039.0513
850.10223	1036.8596
851.68713	1043.5453
853.27197	1045.3591
854.85687	1060.4363
856.44171	1060.3608
858.02661	1055.3005
859.61145	1057.9353
861.19629	1062.1223
862.78119	1051.587
864.36603	1054.9744
865.95093	1047.704
867.53577	1048.2089
869.12067	1052.356
870.70551	1049.0837
872.29041	1045.9082
873.87524	1054.6133
875.46014	1047.2638
877.04498	1046.4937
878.62988	1060.7811
880.21472	1055.4049
881.79956	1055.5448
883.38446	1043.8025
884.9693	1049.5773
886.5542	1059.2096
888.13904	1048.6906
889.72394	1045.7368
891.30878	1057.5732
892.89368	1056.7664
894.47852	1045.9139
896.06342	1042.8075
897.64825	1043.693
899.23315	1054.2191
900.81799	1059.0763
902.40289	1058.8253
903.98773	1055.7169
905.57257	1051.8593
907.15747	1063.5649
908.74231	1053.5402
910.32721	1056.9391
911.91205	1078.022
913.49695	1060.7744
915.08179	1041.6788
916.66669	1048.1736
918.25153	1048.9655
919.83643	1046.7487
921.42126	1058.5802
923.00616	1054.3069
924.591	1055.6923
926.17584	1061.8109
927.76074	1067.9691
929.34558	1060.5879
930.93048	1051.3063
932.51532	1057.726
934.10022	1048.3979
935.68506	1053.6912
937.26996	1056.208
938.8548	1063.6395
940.4397	1053.5405
942.02454	1065.9908
943.60944	1059.3293
945.19427	1052.0508
946.77911	1064.1425
948.36401	1064.5431
949.94885	1069.2935
951.53375	1051.8929
953.11859	1066.9338
954.70349	1061.5698
956.28833	1062.6168
957.87323	1068.8188
959.45807	1064.3752
961.04297	1073.8325
962.62781	1070.2423
964.21271	1082.5215
965.79755	1090.4595
967.38239	1076.2034
968.96729	1078.3197
970.55212	1085.8569
972.13702	1084.5442
973.72186	1085.5883
975.30676	1084.9385
976.8916	1076.9719
978.4765	1088.4197
980.06134	1081.1305
981.64624	1090.0228
983.23108	1091.2603
984.81598	1090.5188
986.40082	1098.5226
987.98566	1093.7999
989.57056	1096.0795
991.1554	1099.7861
992.7403	1100.0941
994.32513	1098.116
995.91003	1099.4635
997.49487	1101.9562
999.07977	1107.9786
1000.6646	1108.0918
1002.2495	1102.1808
1003.8344	1093.032
1005.4193	1091.2832
1007.0041	1094.4222
1008.5889	1093.8168
1010.1738	1100.2311
1011.7587	1090.927
1013.3436	1085.1526
1014.9284	1100.8857
1016.5133	1082.6942
1018.0981	1088.0592
1019.683	1090.4358
1021.2679	1090.2054
1022.8528	1100.3524
1024.4376	1095.5403
1026.0225	1095.1039
1027.6074	1101.3094
1029.1923	1095.1365
1030.7771	1102.5771
1032.3619	1106.6595
1033.9468	1111.2509
1035.5317	1111.9424
1037.1166	1098.5192
1038.7014	1099.0854
1040.2863	1088.9272
1041.8712	1096.5554
1043.4561	1093.6639
1045.0409	1083.0121
1046.6257	1088.3887
1048.2107	1084.1914
1049.7955	1099.3992
1051.3804	1100.5729
1052.9652	1093.2139
1054.55	1090.8804
1056.135	1086.8096
1057.7198	1085.4094
1059.3047	1085.2177
1060.8895	1097.7457
1062.4745	1096.3002
1064.0593	1099.3805
1065.6442	1103.2213
1067.229	1093.0135
1068.814	1085.8848
1070.3988	1082.6066
1071.9836	1086.8368
1073.5685	1086.4166
1075.1533	1095.2703
1076.7383	1086.172
1078.3231	1081.2773
1079.908	1078.4435
1081.4928	1088.9731
1083.0778	1087.5784
1084.6626	1070.4137
1086.2474	1085.8408
1087.8323	1085.8295
1089.4172	1089.7902
1091.0021	1088.9063
1092.5869	1079.363
1094.1718	1070.4329
1095.7566	1074.0916
1097.3416	1081.5795
1098.9264	1083.4247
1100.5112	1083.7312
1102.0961	1073.5189
1103.681	1074.1255
1105.2659	1071.1115
1106.8507	1074.8524
1108.4355	1077.2596
1110.0205	1074.8639
1111.6053	1091.2736
1113.1902	1109.7747
1114.775	1162.0939
1116.3599	1222.3871
1117.9448	1285.0811
1119.5297	1322.8877
1121.1145	1300.5742
1122.6993	1223.7751
1124.2843	1141.9995
1125.8691	1094.4081
1127.454	1064.9883
1129.0388	1060.1958
1130.6238	1143.7968
1132.2086	1298.775
1133.7935	1277.4506
1135.3783	1075.7766
1136.9631	1079.8931
1138.5481	1077.6302
1140.1329	1065.704
1141.7178	1071.0289
1143.3026	1071.9698
1144.8876	1074.2145
1146.4724	1068.5967
1148.0573	1075.8995
1149.6421	1069.8739
1151.2271	1075.9087
1152.8119	1080.9186
1154.3967	1074.8867
1155.9816	1075.5104
1157.5664	1074.6621
1159.1514	1067.5405
1160.7362	1057.3636
1162.321	1074.9237
1163.9059	1073.5094
1165.4908	1066.7655
1167.0757	1058.2673
1168.6605	1074.7716
1170.2454	1067.5027
1171.8303	1068.0609
1173.4152	1063.7725
1175	1061.3406
1176.5848	1071.0398
1178.1697	1071.0798
1179.7546	1068.0066
1181.3395	1083.9513
1182.9243	1075.0127
1184.5092	1072.7487
1186.0941	1070.9377
1187.679	1076.3323
1189.2638	1073.6064
1190.8486	1077.9375
1192.4336	1065.0494
1194.0184	1063.1238
1195.6033	1063.2104
1197.1881	1056.1967
1198.7729	1066.4271
1200.3579	1068.5466
1201.9427	1056.8735
1203.5276	1058.6649
1205.1124	1071.3529
1206.6974	1070.7725
1208.2822	1065.5659
1209.8671	1071.5005
1211.4519	1078.3522
1213.0369	1072.4719
1214.6217	1066.5778
1216.2065	1069.778
1217.7914	1066.5526
1219.3762	1066.2509
1220.9612	1063.1351
1222.546	1078.9617
1224.1309	1060.7977
1225.7157	1060.1277
1227.3007	1075.5808
1228.8855	1080.2299
1230.4703	1071.2944
1232.0552	1068.1003
1233.6401	1075.0022
1235.225	1057.8221
1236.8098	1064.3345
1238.3947	1066.8347
1239.9795	1077.094
1241.5645	1076.7476
1243.1493	1079.0469
1244.7341	1073.6558
1246.319	1073.5309
1247.9039	1076.5831
1249.4888	1070.6547
1251.0736	1066.5402
1252.6584	1080.9303
1254.2434	1076.9434
1255.8282	1068.1483
1257.4131	1081.8508
1258.9979	1073.0521
1260.5828	1062.2437
1262.1677	1063.4587
1263.7526	1072.7114
1265.3374	1070.8101
1266.9222	1061.9218
1268.5072	1066.2943
1270.092	1070.7095
1271.6769	1065.9863
1273.2617	1065.8741
1274.8467	1063.3833
1276.4315	1061.6302
1278.0164	1074.6514
1279.6012	1070.4385
1281.186	1076.4814
1282.771	1072.6841
1284.3558	1072.6099
1285.9407	1077.7153
1287.5255	1072.2837
1289.1105	1063.9661
1290.6953	1074.6992
1292.2802	1078.3099
1293.865	1061.3947
1295.45	1085.5933
1297.0348	1088.895
1298.6196	1078.5023
1300.2045	1077.4305
1301.7893	1076.4272
1303.3743	1071.8577
1304.9591	1077.694
1306.5439	1073.1523
1308.1288	1061.6423
1309.7137	1066.788
1311.2986	1070.3446
1312.8834	1067.1283
1314.4683	1062.1884
1316.0532	1079.2257
1317.6381	1064.7721
1319.2229	1077.1405
1320.8077	1086.7091
1322.3926	1078.8472
1323.9775	1070.1982
1325.5624	1065.7729
1327.1472	1064.6934
1328.7321	1062.1244
1330.317	1074.8013
1331.9019	1085.1227
1333.4867	1078.1898
1335.0715	1083.9646
1336.6565	1070.5514
1338.2413	1077.6143
1339.8262	1079.2764
1341.411	1076.0413
1342.9958	1076.4019
1344.5808	1070.4143
1346.1656	1060.5503
1347.7505	1074.9005
1349.3353	1066.7634
1350.9203	1065.3162
1352.5051	1073.375
1354.09	1072.5931
1355.6748	1069.5443
1357.2598	1066.8994
1358.8446	1061.6652
1360.4294	1062.2592
1362.0143	1064.219
1363.5991	1067.1268
1365.1841	1064.2166
1366.7689	1065.7922
1368.3538	1066.421
1369.9386	1071.5597
1371.5236	1072.157
1373.1084	1077.2556
1374.6932	1073.4375
1376.2781	1065.8202
1377.863	1067.234
1379.4479	1065.0748
1381.0327	1072.3971
1382.6176	1084.9921
1384.2025	1083.1215
1385.7874	1066.3239
1387.3722	1066.9088
1388.957	1062.583
1390.5419	1068.869
1392.1268	1068.7228
1393.7117	1067.453
1395.2965	1080.7612
1396.8813	1070.9775
1398.4663	1065.4144
1400.0511	1072.5768
1401.636	1071.4789
1403.2208	1073.6908
1404.8058	1072.7642
1406.3906	1074.256
1407.9755	1070.8606
1409.5603	1082.3986
1411.1451	1068.0836
1412.7301	1068.1742
1414.3149	1074.5015
1415.8998	1070.088
1417.4846	1068.5551
1419.0696	1072.5544
1420.6544	1075.5537
1422.2393	1074.9695
1423.8241	1080.3273
1425.4091	1074.6862
1426.9939	1059.225
1428.5787	1064.536
1430.1636	1064.9459
1431.7484	1067.662
1433.3334	1065.2272
1434.9182	1074.3427
1436.5031	1069.7668
1438.0879	1064.6654
1439.6729	1072.9423
1441.2577	1071.0216
1442.8425	1062.3247
1444.4274	1066.6704
1446.0123	1070.9208
1447.5972	1072.3553
1449.182	1070.8589
1450.7668	1059.0073
1452.3517	1061.1063
1453.9366	1071.6678
1455.5215	1073.2583
1457.1063	1078.2603
1458.6912	1090.5579
1460.2761	1083.399
1461.861	1069.5712
1463.4458	1080.7141
1465.0306	1072.5851
1466.6156	1057.7582
1468.2004	1066.0654
1469.7853	1073.6139
1471.3701	1072.2148
1472.955	1057.21
1474.5399	1071.8829
1476.1248	1067.0574
1477.7096	1063.6138
1479.2944	1072.1698
1480.8794	1073.6042
1482.4642	1065.6992
1484.0491	1071.7671
1485.6339	1087.087
1487.2189	1063.2948
1488.8037	1067.8678
1490.3885	1069.499
1491.9734	1074.0009
1493.5582	1079.4253
1495.1432	1065.3704
1496.728	1072.1304
1498.3129	1070.9967
1499.8977	1069.1837
1501.4827	1069.3623
1503.0675	1067.2483
1504.6523	1072.7229
1506.2372	1068.3728
1507.8221	1070.1121
1509.407	1076.673
1510.9918	1069.4276
1512.5767	1063.063
1514.1615	1067.2832
1515.7465	1057.422
1517.3313	1067.4133
1518.9161	1074.478
1520.501	1071.2797
1522.0859	1062.9274
1523.6708	1076.8632
1525.2556	1081.257
1526.8405	1081.7113
1528.4254	1075.3845
1530.0103	1085.3168
1531.5951	1071.0525
1533.1799	1077.7195
1534.7648	1073.2572
1536.3497	1063.635
1537.9346	1072.479
1539.5194	1070.4357
1541.1042	1081.5961
1542.6892	1066.7734
1544.274	1067.759
1545.8589	1065.9749
1547.4437	1073.6962
1549.0287	1075.334
1550.6135	1074.4679
1552.1984	1078.296
1553.7832	1074.3152
1555.368	1076.8695
1556.953	1084.7666
1558.5378	1082.0012
1560.1227	1085.4769
1561.7075	1072.8674
1563.2925	1068.2778
1564.8773	1084.0546
1566.4622	1075.9504
1568.047	1077.1063
1569.632	1068.7192
1571.2168	1066.8926
1572.8016	1080.332
1574.3865	1089.4202
1575.9713	1073.0171
1577.5563	1078.3832
1579.1411	1080.4264
1580.726	1084.4745
1582.3108	1077.6488
1583.8958	1080.1788
1585.4806	1078.3572
1587.0654	1072.0449
1588.6503	1077.7936
1590.2352	1081.5989
1591.8201	1086.543
1593.4049	1069.0851
1594.9897	1075.1298
1596.5746	1074.3486
1598.1595	1075.7749
1599.7444	1076.2998
1601.3292	1087.9829
1602.9141	1089.0199
1604.499	1075.661
1606.0839	1075.8723
1607.6687	1075.4553
1609.2535	1072.3868
1610.8385	1073.806
1612.4233	1078.2266
1614.0082	1072.4056
1615.593	1073.3497
1617.1779	1086.9415
1618.7628	1077.656
1620.3477	1072.3683
1621.9325	1073.2551
1623.5173	1083.4359
1625.1023	1081.9373
1626.6871	1083.0371
1628.272	1076.1472
1629.8568	1073.5925
1631.4418	1076.427
1633.0266	1082.2748
1634.6115	1080.1583
1636.1963	1086.6848
1637.7811	1082.8994
1639.3661	1078.2614
1640.9509	1085.7433
1642.5358	1075.8464
1644.1206	1068.1582
1645.7056	1076.6678
1647.2904	1077.4755
1648.8752	1070.5372
1650.4601	1074.2151
1652.045	1076.6835
1653.6299	1072.1516
1655.2147	1077.5166
1656.7996	1076.8174
1658.3844	1073.5271
1659.9694	1073.7498
1661.5542	1063.7902
1663.139	1076.5742
1664.7239	1071.1417
1666.3088	1079.9906
1667.8937	1072.7971
1669.4785	1077.8325
1671.0634	1084.3875
1672.6483	1078.0787
1674.2332	1066.047
1675.818	1073.8654
1677.4028	1078.1841
1678.9877	1088.6621
1680.5726	1084.4309
1682.1575	1076.7346
1683.7423	1072.3322
1685.3271	1069.5052
1686.9121	1074.8789
1688.4969	1073.1267
1690.0818	1083.2688
1691.6666	1064.8375
1693.2516	1066.1664
1694.8364	1072.6387
1696.4213	1074.1835
1698.0061	1065.4786
1699.5909	1077.2277
1701.1759	1079.7242
1702.7607	1066.35
1704.3456	1069.6561
1705.9304	1077.2272
1707.5154	1077.771
1709.1002	1078.4319
1710.6851	1083.4222
1712.2699	1083.0806
1713.8549	1076.2144
1715.4397	1084.823
1717.0245	1083.5962
1718.6094	1079.7761
1720.1942	1077.3284
1721.7792	1083.7831
1723.364	1077.6238
1724.9489	1073.0685
1726.5337	1088.9933
1728.1187	1098.5935
1729.7035	1090.2367
1731.2883	1080.3585
1732.8732	1092.5114
1734.4581	1076.6907
1736.043	1076.4945
1737.6278	1077.4705
1739.2126	1088.5209
1740.7975	1089.1973
1742.3824	1082.8275
1743.9673	1087.6411
1745.5521	1088.1283
1747.137	1083.3219
1748.7219	1073.9919
1750.3068	1077.6372
1751.8916	1084.8192
1753.4764	1088.5549
1755.0614	1089.1201
1756.6462	1091.3597
1758.2311	1086.2083
1759.8159	1074.3452
1761.4009	1087.4821
1762.9857	1092.3804
1764.5706	1089.1995
1766.1554	1094.208
1767.7402	1097.6511
1769.3252	1087.4353
1770.91	1090.6134
1772.4949	1082.5222
1774.0797	1088.2269
1775.6647	1085.9238
1777.2495	1088.3608
1778.8344	1089.033
1780.4192	1085.8258
1782.0042	1088.5911
1783.589	1091.9658
1785.1738	1091.7701
1786.7587	1077.9122
1788.3435	1092.6901
1789.9285	1084.5179
1791.5133	1085.8365
1793.0981	1095.6696
1794.683	1085.8324
1796.2679	1076.1141
1797.8528	1087.4824
1799.4376	1090.8713
1801.0225	1100.0956
1802.6074	1090.9495
1804.1923	1089.353
1805.7771	1097.2622
1807.3619	1097.0094
1808.9468	1105.542
1810.5317	1101.2915
1812.1166	1101.2821
1813.7014	1088.9703
1815.2863	1095.1521
1816.8712	1095.5468
1818.4561	1079.599
1820.0409	1088.969
1821.6257	1091.4497
1823.2107	1083.5087
1824.7955	1090.9076
1826.3804	1109.9115
1827.9652	1091.6176
1829.55	1087.116
1831.135	1091.1957
1832.7198	1095.9344
1834.3047	1086.8853
1835.8895	1084.63
1837.4745	1084.3149
1839.0593	1094.4355
1840.6442	1084.1061
1842.229	1084.0129
1843.814	1088.5101
1845.3988	1082.459
1846.9836	1085.6072
1848.5685	1088.2161
1850.1533	1099.6981
1851.7383	1084.2131
1853.3231	1084.1028
1854.908	1080.3733
1856.4928	1084.9375
1858.0778	1087.8024
1859.6626	1094.629
1861.2474	1081.0511
1862.8323	1087.1533
1864.4172	1092.975
1866.0021	1086.8594
1867.5869	1093.868
1869.1718	1096.6576
1870.7566	1081.8082
1872.3416	1085.2792
1873.9264	1089.2242
1875.5112	1085.8947
1877.0961	1090.6049
1878.681	1087.9565
1880.2659	1075.1202
1881.8507	1071.6646
1883.4355	1096.6538
1885.0205	1099.7101
1886.6053	1097.1451
1888.1902	1085.1517
1889.775	1080.5065
1891.3599	1088.0024
1892.9448	1091.5396
1894.5297	1098.464
1896.1145	1097.4413
1897.6993	1084.4524
1899.2843	1091.6047
1900.8691	1092.6906
1902.454	1104.2164
1904.0388	1088.3849
1905.6238	1095.1532
1907.2086	1087.3213
1908.7935	1086.7711
1910.3783	1100.8846
1911.9631	1090.6378
1913.5481	1092.9537
1915.1329	1097.5144
1916.7178	1090.4525
1918.3026	1090.151
1919.8876	1080.9583
1921.4724	1081.4174
1923.0573	1087.5338
1924.6421	1100.0406
1926.2271	1091.5969
1927.8119	1085.2383
1929.3967	1086.1259
1930.9816	1093.1198
1932.5664	1083.8171
1934.1514	1093.2418
1935.7362	1090.3505
1937.321	1089.6074
1938.9059	1100.6495
1940.4908	1099.5132
1942.0757	1102.2462
1943.6605	1099.4935
1945.2454	1100.9038
1946.8303	1090.0771
1948.4152	1090.8503
1950	1083.1738
1951.5848	1093.3479
1953.1697	1091.6484
1954.7546	1093.4476
1956.3395	1086.3417
1957.9243	1088.9919
1959.5092	1104.8046
1961.0941	1095.6985
1962.679	1097.913
1964.2638	1096.3734
1965.8486	1090.7633
1967.4336	1094.015
1969.0184	1093.8997
1970.6033	1083.9436
1972.1881	1091.7321
1973.7729	1084.2363
1975.3579	1083.3842
1976.9427	1086.1176
1978.5276	1095.0894
1980.1124	1096.4895
1981.6974	1087.5103
1983.2822	1089.9116
1984.8671	1087.7916
1986.4519	1091.7982
1988.0369	1092.7582
1989.6217	1090.6154
1991.2065	1088.2222
1992.7914	1090.4379
1994.3762	1090.5026
1995.9612	1092.1473
1997.546	1082.0585
1999.1309	1090.1543
2000.7157	1082.7642
2002.3007	1087.4609
2003.8855	1094.4316
2005.4703	1094.1357
2007.0552	1084.546
2008.6401	1085.6606
2010.225	1094.9202
2011.8098	1082.9391
2013.3947	1084.2333
2014.9795	1089.4097
2016.5645	1080.7136
2018.1493	1084.6775
2019.7341	1089.4083
2021.319	1088.8286
2022.9039	1088.1309
2024.4888	1094.3334
2026.0736	1096.0128
2027.6584	1082.2186
2029.2434	1091.1874
2030.8282	1098.0153
2032.4131	1086.5608
2033.9979	1084.1455
2035.5828	1084.5664
2037.1677	1078.2155
2038.7526	1084.6233
2040.3374	1083.5042
2041.9222	1081.9886
2043.5072	1082.4708
2045.092	1214.5591
2046.6769	1245.6927
2048.2617	1081.4454
2049.8467	1089.8785
2051.4314	1106.6561
2053.0164	1099.5411
2054.6013	1086.649
2056.186	1082.7684
2057.771	1088.7354
2059.3557	1092.4863
2060.9407	1080.4904
2062.5256	1093.151
2064.1104	1093.7209
2065.6953	1090.4459
2067.2803	1112.6752
2068.865	1084.5424
2070.45	1104.9055
2072.0347	1092.2821
2073.6196	1094.4974
2075.2046	1089.7137
2076.7893	1096.4695
2078.3743	1091.7041
2079.959	1086.4196
2081.5439	1093.699
2083.1289	1096.4562
2084.7136	1107.1688
2086.2986	1103.7539
2087.8835	1098.0013
2089.4683	1106.4148
2091.0532	1095.6696
2092.6379	1097.709
2094.2229	1109.0535
2095.8079	1118.4272
2097.3926	1122.3972
2098.9775	1126.9791
2100.5623	1119.5981
2102.1472	1097.1272
2103.7322	1106.5151
2105.3169	1103.8861
2106.9019	1114.3705
2108.4868	1104.3871
2110.0715	1099.1599
2111.6565	1099.8645
2113.2412	1104.077
2114.8262	1092.1094
2116.4111	1097.5493
2117.9958	1100.2715
2119.5808	1103.4741
2121.1655	1099.9431
2122.7505	1101.2566
2124.3354	1104.7413
2125.9202	1100.2053
2127.5051	1085.7111
2129.0901	1093.785
2130.6748	1096.2321
2132.2598	1101.3726
2133.8445	1097.5115
2135.4294	1095.0848
2137.0144	1086.9189
2138.5991	1094.0345
2140.1841	1090.4752
2141.7688	1097.762
2143.3538	1094.6317
2144.9387	1095.3873
2146.5234	1095.8121
2148.1084	1101.2532
2149.6934	1095.5233
2151.2781	1094.7971
2152.863	1096.9111
2154.4478	1096.9581
2156.0327	1102.7133
2157.6177	1098.4661
2159.2024	1105.8549
2160.7874	1117.3739
2162.3721	1112.3916
2163.957	1106.7598
2165.542	1106.0313
2167.1267	1093.7529
2168.7117	1081.771
2170.2966	1091.6051
2171.8813	1084.1362
2173.4663	1098.4531
2175.051	1089.464
2176.636	1098.74
2178.2209	1083.3885
2179.8057	1097.7448
2181.3906	1105.4581
2182.9753	1086.2252
2184.5603	1087.4813
2186.1453	1075.3822
2187.73	1096.5668
2189.3149	1093.7668
2190.8999	1095.0736
2192.4846	1102.8246
2194.0696	1093.8495
2195.6543	1092.5779
2197.2393	1087.8126
2198.8242	1098.6879
2200.4089	1100.9957
2201.9939	1096.4489
2203.5786	1097.0095
2205.1636	1099.6206
2206.7485	1100.7587
2208.3333	1091.3273
2209.9182	1098.9214
2211.5032	1097.4448
2213.0879	1081.4943
2214.6729	1083.5092
2216.2576	1100.0902
2217.8425	1095.6401
2219.4275	1097.0983
2221.0122	1097.7212
2222.5972	1090.9197
2224.1819	1100.6227
2225.7668	1088.5829
2227.3518	1103.7632
2228.9365	1109.3722
2230.5215	1086.9293
2232.1064	1082.2542
2233.6912	1103.9108
2235.2761	1089.2246
2236.8608	1090.2057
2238.4458	1101.3103
2240.0308	1098.3165
2241.6155	1091.2405
2243.2004	1091.2181
2244.7852	1111.5062
2246.3701	1102.3608
2247.9551	1084.2335
2249.5398	1080.2363
2251.1248	1097.2484
2252.7097	1097.3436
2254.2944	1091.2656
2255.8794	1095.4877
2257.4641	1089.6731
2259.0491	1094.8396
2260.634	1088.2153
2262.2188	1100.922
2263.8037	1090.4249
2265.3884	1097.7362
2266.9734	1096.4032
2268.5583	1096.8064
2270.1431	1091.3035
2271.728	1092.1165
2273.313	1089.1113
2274.8977	1101.5116
2276.4827	1093.9629
2278.0674	1094.6831
2279.6523	1103.1439
2281.2373	1100.4574
2282.822	1094.3104
2284.407	1095.1561
2285.9917	1101.0084
2287.5767	1096.0325
2289.1616	1086.7252
2290.7463	1092.5313
2292.3313	1097.2958
2293.9163	1085.3311
2295.501	1093.7153
2297.0859	1095.3025
2298.6707	1098.2961
2300.2556	1086.5223
2301.8406	1099.6289
2303.4253	1084.1337
2305.0103	1087.1641
2306.595	1101.6262
2308.1799	1087.3685
2309.7649	1093.3517
2311.3496	1097.0216
2312.9346	1101.7931
2314.5195	1102.1346
2316.1042	1091.8723
2317.6892	1100.0291
2319.2739	1096.191
2320.8589	1105.4358
2322.4438	1097.5383
2324.0286	1099.0088
2325.6135	1105.7303
2327.1982	1105.9659
2328.7832	1095.2452
2330.3682	1074.9662
2331.9529	1089.8861
2333.5378	1093.2434
2335.1228	1101.493
2336.7075	1100.0337
2338.2925	1102.5448
2339.8772	1085.9115
2341.4622	1101.5764
2343.0471	1087.1411
2344.6318	1098.0647
2346.2168	1105.7428
2347.8018	1100.7898
2349.3865	1096.7367
2350.9714	1103.0178
2352.5562	1098.0842
2354.1411	1095.3911
2355.7261	1096.9512
2357.3108	1093.1913
2358.8958	1099.0339
2360.4805	1098.4769
2362.0654	1099.9139
2363.6504	1101.7587
2365.2351	1098.4028
2366.8201	1086.9634
2368.405	1090.3431
2369.9897	1086.0453
2371.5747	1090.6691
2373.1594	1092.9993
2374.7444	1085.2867
2376.3293	1101.0427
2377.9141	1093.3615
2379.499	1088.6548
2381.0837	1093.5527
2382.6687	1083.8241
2384.2537	1086.2264
2385.8384	1090.953
2387.4233	1080.2281
2389.0083	1082.4799
2390.593	1085.7876
2392.178	1086.3179
2393.7627	1080.1071
2395.3477	1090.2343
2396.9326	1093.1997
2398.5173	1103.5032
2400.1023	1093.0352
2401.687	1088.3351
2403.272	1089.9679
2404.8569	1080.0762
2406.4417	1087.1044
2408.0266	1094.9657
2409.6116	1089.0735
2411.1963	1075.6205
2412.7813	1087.6487
2414.366	1086.5715
2415.9509	1077.9135
2417.5359	1090.3425
2419.1206	1082.9928
2420.7056	1089.7722
2422.2903	1088.1647
2423.8752	1078.701
2425.4602	1084.2412
2427.0449	1084.4381
2428.6299	1086.134
2430.2148	1090.5125
2431.7996	1081.5353
2433.3845	1082.1753
2434.9692	1074.0809
2436.5542	1087.4479
2438.1392	1078.6515
2439.7239	1085.4854
2441.3088	1080.1289
2442.8936	1074.4758
2444.4785	1078.27
2446.0635	1080.2831
2447.6482	1079.8263
2449.2332	1081.1696
2450.8181	1076.8768
2452.4028	1078.3781
2453.9878	1078.0315
2455.5725	1081.4105
2457.1575	1079.5077
2458.7424	1080.0089
2460.3271	1077.1482
2461.9121	1074.6145
2463.4968	1080.4755
2465.0818	1079.0322
2466.6667	1074.0295
2468.2515	1087.203
2469.8364	1087.3019
2471.4214	1082.8921
2473.0061	1084.1034
2474.5911	1072.3179
2476.1758	1086.9121
2477.7607	1097.4994
2479.3457	1084.6769
2480.9304	1077.6624
2482.5154	1081.5676
2484.1001	1062.2057
2485.6851	1077.6184
2487.27	1084.5927
2488.8547	1069.8654
2490.4397	1077.4194
2492.0247	1088.7693
2493.6094	1072.5977
2495.1943	1079.2501
2496.7791	1080.2532
2498.364	1074.6869
2499.949	1086.6005
2501.5337	1081.816
2503.1187	1076.2131
2504.7034	1078.9823
2506.2883	1080.6954
2507.8733	1081.467
2509.458	1083.7596
2511.043	1072.2019
2512.6279	1071.929
2514.2126	1076.4095
2515.7976	1082.2543
2517.3823	1071.6975
2518.9673	1071.1632
2520.5522	1058.0118
2522.137	1074.1173
2523.7219	1074.7057
2525.3066	1081.9943
2526.8916	1075.6074
2528.4766	1074.2329
2530.0613	1085.0338
2531.6462	1084.662
2533.2312	1074.8702
2534.8159	1077.1471
2536.4009	1071.4359
2537.9856	1072.4473
2539.5706	1074.3741
2541.1555	1085.6859
2542.7402	1062.2073
2544.3252	1067.7606
2545.9099	1077.7668
2547.4949	1074.4631
2549.0798	1058.347
2550.6646	1060.7935
2552.2495	1066.385
2553.8345	1068.2067
2555.4192	1072.4092
2557.0042	1071.7726
2558.5889	1075.1797
2560.1738	1080.0288
2561.7588	1066.9854
2563.3435	1068.5481
2564.9285	1066.0367
2566.5132	1068.7719
2568.0981	1070.2601
2569.6831	1059.9886
2571.2678	1063.8975
2572.8528	1067.6683
2574.4377	1070.661
2576.0225	1071.3287
2577.6074	1055.3099
2579.1921	1073.7834
2580.7771	1077.6737
2582.3621	1072.1635
2583.9468	1055.2938
2585.5317	1050.8199
2587.1165	1058.722
2588.7014	1071.5839
2590.2864	1071.4271
2591.8711	1064.0419
2593.4561	1066.9995
2595.041	1069.683
2596.6257	1058.7531
2598.2107	1049.9583
2599.7954	1059.4988
2601.3804	1060.29
2602.9653	1063.087
2604.55	1066.8828
2606.135	1057.651
2607.7197	1052.2329
2609.3047	1055.4884
2610.8896	1059.4471
2612.4744	1056.7495
2614.0593	1049.9849
2615.6443	1051.2266
2617.229	1047.8158
2618.814	1055.4749
2620.3987	1059.0328
2621.9836	1056.3671
2623.5686	1067.2894
2625.1533	1055.3738
2626.7383	1064.7412
2628.323	1046.2399
2629.908	1060.7949
2631.4929	1059.2717
2633.0776	1062.8835
2634.6626	1063.3947
2636.2476	1061.6532
2637.8323	1054.771
2639.4172	1046.3912
2641.002	1050.3512
2642.5869	1052.1083
2644.1719	1051.5306
2645.7566	1058.3131
2647.3416	1056.5056
2648.9263	1051.3611
2650.5112	1047.2524
2652.0962	1074.0586
2653.6809	1062.8198
2655.2659	1039.4834
2656.8508	1052.4862
2658.4355	1081.8865
2660.0205	1214.3224
2661.6052	1109.4856
2663.1902	1049.8746
2664.7751	1052.4858
2666.3599	1046.1237
2667.9448	1040.6393
2669.5295	1044.0481
2671.1145	1050.1858
2672.6995	1049.5575
2674.2842	1045.1272
2675.8691	1049.1355
2677.4541	1051.5638
2679.0388	1062.8488
2680.6238	1038.8907
2682.2085	1047.35
2683.7935	1050.632
2685.3784	1057.4199
2686.9631	1044.9879
2688.5481	1054.8016
2690.1328	1047.1252
2691.7178	1035.7457
2693.3027	1060.1951
2694.8875	1050.7388
2696.4724	1044.0756
2698.0574	1046.366
2699.6421	1042.137
2701.2271	1044.2419
2702.8118	1040.4241
2704.3967	1042.1093
2705.9817	1046.0786
2707.5664	1048.2483
2709.1514	1047.3845
2710.7361	1050.2349
2712.321	1046.3207
2713.906	1041.0487
2715.4907	1028.3544
2717.0757	1041.1243
2718.6606	1032.9695
2720.2454	1048.2666
2721.8303	1046.2512
2723.415	1040.713
2725	1036.6565
2726.585	1036.6672
2728.1697	1034.2926
2729.7546	1025.7074
2731.3394	1034.2236
2732.9243	1040.528
2734.5093	1034.8315
2736.094	1047.8815
2737.679	1029.0096
2739.2639	1039.6962
2740.8486	1031.4817
2742.4336	1044.601
2744.0183	1030.8552
2745.6033	1039.9838
2747.1882	1037.5216
2748.7729	1031.1493
2750.3579	1039.8556
2751.9426	1048.8688
2753.5276	1025.38
2755.1125	1028.3673
2756.6973	1033.6256
2758.2822	1024.4371
2759.8672	1029.4987
2761.4519	1029.2299
2763.0369	1040.2662
2764.6216	1038.1156
2766.2065	1029.6783
2767.7915	1038.2506
2769.3762	1039.5409
2770.9612	1033.0957
2772.5459	1029.1476
2774.1309	1026.7068
2775.7158	1025.9417
2777.3005	1043.288
2778.8855	1027.1552
2780.4705	1021.4635
2782.0552	1025.8596
2783.6401	1028.8226
2785.2249	1030.2997
2786.8098	1025.0856
2788.3948	1028.3221
2789.9795	1043.87
2791.5645	1033.8563
2793.1492	1032.062
2794.7341	1024.4845
2796.3191	1026.4753
2797.9038	1021.8554
2799.4888	1022.309
2801.0737	1026.1743
2802.6584	1029.8046
2804.2434	1046.7061
2805.8281	1031.5332
2807.4131	1022.5654
2808.998	1027.5498
2810.5828	1034.6587
2812.1677	1026.0006
2813.7524	1033.3702
2815.3374	1029.1448
2816.9224	1023.8093
2818.5071	1026.8711
2820.092	1020.1595
2821.677	1015.5137
2823.2617	1028.5439
2824.8467	1033.1825
2826.4314	1022.081
2828.0164	1030.7463
2829.6013	1027.9973
2831.186	1026.1764
2832.771	1024.2539
2834.3557	1024.9379
2835.9407	1027.5431
2837.5256	1027.4952
2839.1104	1023.7104
2840.6953	1027.3676
2842.2803	1024.3956
2843.865	1020.5421
2845.45	1010.2462
2847.0347	1019.0766
2848.6196	1020.8291
2850.2046	1015.1844
2851.7893	1009.3688
2853.3743	1017.8799
2854.959	1015.0337
2856.5439	1006.1776
2858.1289	1007.194
2859.7136	1019.9075
2861.2986	1016.145
2862.8835	1011.7499
2864.4683	1018.2047
2866.0532	1009.5091
2867.6379	1016.99
2869.2229	1008.1339
2870.8079	1014.4777
2872.3926	1015.3436
2873.9775	1018.6088
2875.5623	1011.1631
2877.1472	1007.6927
2878.7322	1006.4381
2880.3169	1017.3788
2881.9019	1009.0583
2883.4868	1015.1055
2885.0715	1015.3388
2886.6565	1012.1572
2888.2412	1004.0724
2889.8262	1021.7309
2891.4111	1008.1158
2892.9958	997.55908
2894.5808	1014.4937
2896.1655	1005.55
2897.7505	1005.1951
2899.3354	1002.2722
2900.9202	1013.5525
2902.5051	1011.4632
2904.0901	1011.7817
2905.6748	1012.9088
2907.2598	994.81012
2908.8445	1000.1813
2910.4294	999.83832
2912.0144	987.62531
2913.5991	1001.4513
2915.1841	1002.8768
2916.7688	997.35059
2918.3538	1003.1984
2919.9387	1004.4531
2921.5234	999.0108
2923.1084	1001.1932
2924.6934	996.82111
2926.2781	1004.8899
2927.863	992.64746
2929.4478	990.80524
2931.0327	1002.767
2932.6177	991.94708
2934.2024	1001.0071
2935.7874	1002.9446
2937.3721	1006.22
2938.957	1017.3883
2940.542	999.12262
2942.1267	999.6958
2943.7117	999.05469
2945.2966	990.92108
2946.8813	999.25879
2948.4663	1001.9992
2950.051	1011.0267
2951.636	997.13495
2953.2209	994.46295
2954.8057	996.76971
2956.3906	1001.9575
2957.9753	1007.0587
2959.5603	998.89893
2961.1453	1001.2615
2962.73	1003.0403
2964.3149	998.59961
2965.8999	985.04987
2967.4846	988.9845
2969.0696	986.18829
2970.6543	997.73297
2972.2393	1002.0544
2973.8242	997.77814
2975.4089	988.0437
2976.9939	1006.9891
2978.5786	1005.1401
2980.1636	1003.5684
2981.7485	997.92566
2983.3333	996.51459
2984.9182	991.04712
2986.5032	996.91302
2988.0879	995.30017
2989.6729	1003.8558
2991.2576	985.6507
2992.8425	998.53546
2994.4275	996.51941
2996.0122	1001.7051
2997.5972	995.82202
2999.1819	996.04425
3000.7668	995.65533
3002.3518	991.72668
3003.9365	984.79797
3005.5215	979.66168
3007.1064	997.59717
3008.6912	987.66241
3010.2761	983.68164
3011.8608	1000.5428
3013.4458	993.62445
3015.0308	991.67822
3016.6155	990.09033
3018.2004	991.33276
3019.7852	983.98462
3021.3701	989.63068
3022.9551	990.06183
3024.5398	982.83124
3026.1248	995.82471
3027.7097	995.70581
3029.2944	991.52545
3030.8794	989.13037
3032.4641	999.71289
3034.0491	986.27283
3035.634	990.87213
3037.2188	996.30255
3038.8037	989.77167
3040.3884	990.19836
3041.9734	992.80713
3043.5583	997.72815
3045.1431	996.61658
3046.728	993.99139
3048.313	994.5304
3049.8977	988.10834
3051.4827	998.57709
3053.0674	993.79919
3054.6523	996.54358
3056.2373	1009.3011
3057.822	1010.3763
3059.407	1017.8104
3060.9917	1014.1703
3062.5767	1032.6794
3064.1616	1021.7849
3065.7463	1032.9971
3067.3313	1036.5524
3068.9163	1038.7086
3070.501	1042.7006
3072.0859	1033.2175
3073.6707	1049.7158
3075.2556	1027.1294
3076.8406	1036.2006
3078.4253	1025.9832
3080.0103	1009.5366
3081.595	1006.7178
3083.1799	998.80322
3084.7649	1003.6884
3086.3496	997.39703
3087.9346	1000.418
3089.5195	1005.6368
3091.1042	992.85376
3092.6892	983.41876
3094.2739	994.25537
3095.8589	1004.7685
3097.4438	993.97339
3099.0286	983.49884
3100.6135	985.53369
3102.1982	989.94879
3103.7832	988.18524
3105.3682	992.12756
3106.9529	987.28113
3108.5378	981.95404
3110.1228	976.34515
3111.7075	991.30151
3113.2925	997.51324
3114.8772	976.79828
3116.4622	981.70435
3118.0471	995.21149
3119.6318	989.82709
3121.2168	985.10791
3122.8018	997.16479
3124.3865	982.13873
3125.9714	979.74042
3127.5562	969.15143
3129.1411	975.18994
3130.7261	972.83295
3132.3108	978.86743
3133.8958	970.1347
3135.4805	977.19269
3137.0654	978.35364
3138.6504	976.07416
3140.2351	971.85052
3141.8201	983.24158
3143.405	980.86658
3144.9897	978.56781
3146.5747	982.30963
3148.1594	973.4649
3149.7444	970.21021
3151.3293	980.13843
3152.9141	981.96613
3154.499	983.35999
3156.0837	971.28802
3157.6687	971.24713
3159.2537	970.14093
3160.8384	971.59991
3162.4233	980.91534
3164.0083	974.08063
3165.593	973.57013
3167.178	969.45972
3168.7627	973.63629
3170.3477	977.72955
3171.9326	971.8161
3173.5173	981.80048
3175.1023	966.34113
3176.687	973.64587
3178.272	976.73688
3179.8569	978.69592
3181.4417	972.47278
3183.0266	974.89618
3184.6116	967.59491
3186.1963	970.58051
3187.7813	980.05115
3189.366	971.39178
3190.9509	962.28931
3192.5359	962.64154
3194.1206	964.80518
3195.7056	969.08746
3197.2903	967.48853
3198.8752	961.46313
3200.4602	974.67279
3202.0449	962.69366
3203.6299	963.00507
3205.2148	959.02155
3206.7996	957.2561
3208.3845	964.4375
3209.9692	958.66364
3211.5542	964.70776
3213.1392	959.83551
3214.7239	959.68286
3216.3088	965.2699
3217.8936	960.15942
3219.4785	962.60248
3221.0635	971.00403
3222.6482	967.64423
3224.2332	965.94196
3225.8181	949.48834
3227.4028	955.7113
3228.9878	958.38452
3230.5725	964.86096
3232.1575	959.82281
3233.7424	958.966
3235.3271	959.56146
3236.9121	958.27972
3238.4968	969.44592
3240.0818	971.91364
3241.6667	967.7077
3243.2515	965.76843
3244.8364	966.74243
3246.4214	964.80286
3248.0061	958.50037
3249.5911	958.87372
3251.1758	959.13031
3252.7607	968.47052
3254.3457	952.82855
3255.9304	957.51135
3257.5154	963.65521
3259.1001	959.09473
3260.6851	963.6709
3262.27	961.42596
3263.8547	963.8952
3265.4397	948.44849
3267.0247	954.45276
3268.6094	954.38458
3270.1943	956.9519
3271.7791	960.19122
3273.364	956.31525
3274.949	954.35034
3276.5337	958.39551
3278.1187	966.92389
3279.7034	1245.077
3281.2883	968.69006
3282.8733	952.28497
3284.458	951.81561
3286.043	962.85986
3287.6279	950.85071
3289.2126	949.36102
3290.7976	964.07227
3292.3823	952.76947
3293.9673	955.12952
3295.5522	947.20258
3297.137	943.51019
3298.7219	941.08923
3300.3066	943.96252
3301.8916	946.11127
3303.4766	948.65594
3305.0613	946.63257
3306.6462	951.25067
3308.2312	956.58521
3309.8159	954.42828
3311.4009	950.05676
3312.9856	952.05518
3314.5706	949.15564
3316.1555	946.48914
3317.7402	945.08582
3319.3252	947.03284
3320.9099	949.08807
3322.4949	953.1557
3324.0798	945.82562
3325.6646	942.96228
3327.2495	947.01215
3328.8345	953.30975
3330.4192	946.57013
3332.0042	945.07666
3333.5889	938.55865
3335.1738	946.41235
3336.7588	943.07019
3338.3435	940.28394
3339.9285	943.88031
3341.5132	942.7074
3343.0981	940.10815
3344.6831	940.60504
3346.2678	945.61267
3347.8528	937.78058
3349.4377	946.65851
3351.0225	938.81934
3352.6074	936.52576
3354.1921	940.20026
3355.7771	946.79926
3357.3621	936.2016
3358.9468	938.77325
3360.5317	934.49255
3362.1165	937.26813
3363.7014	939.45325
3365.2864	937.65747
3366.8711	935.99365
3368.4561	950.19482
3370.041	953.45172
3371.6257	934.76007
3373.2107	935.33392
3374.7954	940.52325
3376.3804	937.69263
3377.9653	942.57697
3379.55	934.28577
3381.135	938.6402
3382.7197	939.66156
3384.3047	934.72601
3385.8896	942.74402
3387.4744	942.88562
3389.0593	944.68781
3390.6443	940.65332
3392.229	943.29907
3393.814	941.86481
3395.3987	938.26373
3396.9836	934.06238
3398.5686	927.40802
3400.1533	926.49689
3401.7383	931.27722
3403.323	936.45923
3404.908	935.21405
3406.4929	1269.7935
3408.0776	928.85004
3409.6626	929.49243
3411.2476	942.96442
3412.8323	932.6662
3414.4172	935.6012
3416.002	937.97607
3417.5869	943.08862
3419.1719	944.57867
3420.7566	929.98297
3422.3416	940.13568
3423.9263	937.25116
3425.5112	933.36163
3427.0962	932.87628
3428.6809	931.2796
3430.2659	917.86536
3431.8508	926.75757
3433.4355	934.1864
3435.0205	926.1405
3436.6052	928.427
3438.1902	922.26703
3439.7751	924.09698
3441.3599	923.32104
3442.9448	920.81958
3444.5295	922.10974
3446.1145	928.63171
3447.6995	928.21637
3449.2842	924.65533
3450.8691	933.46246
3452.4541	925.00287
3454.0388	918.82092
3455.6238	923.39941
3457.2085	917.89966
3458.7935	917.56799
3460.3784	923.5636
3461.9631	921.16437
3463.5481	920.75586
3465.1328	921.4422
3466.7178	921.79773
3468.3027	915.64429
3469.8875	925.8728
3471.4724	915.25214
3473.0574	914.96442
3474.6421	917.21991
3476.2271	913.96368
3477.8118	915.73169
3479.3967	915.30487
3480.9817	927.55774
3482.5664	916.0885
3484.1514	923.67596
3485.7361	917.50714
3487.321	922.61633
3488.906	910.26331
3490.4907	913.23999
3492.0757	910.90466
3493.6606	913.50647
3495.2454	919.92645
3496.8303	909.854
3498.415	913.67493
3500	913.57434
