400	1116.5341
401.58487	1121.061
403.16974	1122.4965
404.75461	1111.2114
406.33948	1110.7845
407.92435	1120.5836
409.50922	1104.8838
411.09406	1113.114
412.67892	1117.071
414.26379	1122.5005
415.84866	1119.5608
417.43353	1126.4307
419.0184	1133.1791
420.60327	1128.702
422.18814	1129.3508
423.77301	1128.3538
425.35788	1115.6537
426.94275	1117.2302
428.52762	1125.1621
430.11249	1132.7185
431.69733	1128.5703
433.2822	1124.058
434.86707	1118.1473
436.45193	1115.9391
438.0368	1117.1243
439.62167	1123.0524
441.20654	1132.3661
442.79141	1281.0275
444.37628	1418.2986
445.96115	1133.8296
447.54602	1110.8615
449.13089	1117.5148
450.71576	1120.4335
452.30063	1113.826
453.88547	1119.2002
455.47034	1129.1279
457.05521	1122.0668
458.64008	1127.0066
460.22495	1136.9471
461.80981	1146.5522
463.39468	1128.4873
464.97955	1115.3464
466.56442	1106.5343
468.14929	1111.094
469.73416	1111.7087
471.31903	1109.1068
472.9039	1109.567
474.48874	1112.5469
476.07361	1116.9181
477.65848	1118.1639
479.24335	1110.9159
480.82822	1111.3911
482.41309	1119.9872
483.99796	1124.8978
485.58282	1131.738
487.16769	1131.624
488.75256	1115.0255
490.33743	1119.1483
491.9223	1126.1608
493.50717	1130.5316
495.09201	1118.8835
496.67688	1116.5233
498.26175	1124.2493
499.84662	1120.7865
501.43149	1122.4868
503.01636	1128.9761
504.60123	1118.3363
506.1861	1112.4115
507.77097	1114.9041
509.35583	1122.8123
510.9407	1119.609
512.52557	1111.4681
514.11041	1121.6506
515.69531	1122.5229
517.28015	1124.8685
518.86505	1131.1028
520.44989	1129.4108
522.03479	1117.3319
523.61963	1128.6473
525.20453	1133.9633
526.78937	1128.5388
528.37421	1133.5713
529.95911	1131.821
531.54395	1129.7761
533.12885	1127.9135
534.71368	1122.1056
536.29858	1121.3719
537.88342	1121.3047
539.46832	1115.4248
541.05316	1113.6013
542.63806	1115.1001
544.2229	1121.3789
545.8078	1124.1874
547.39264	1119.5687
548.97748	1110.6013
550.56238	1111.4714
552.14722	1110.7317
553.73212	1112.7069
555.31696	1115.2332
556.90186	1128.1633
558.48669	1118.9325
560.07159	1118.7164
561.65643	1125.9133
563.24133	1121.6135
564.82617	1127.0541
566.41107	1120.0006
567.99591	1120.3926
569.58075	1128.2394
571.16565	1129.7432
572.75049	1122.0327
574.33539	1126.3757
575.92023	1120.3638
577.50513	1125.715
579.08997	1122.1379
580.67487	1123.452
582.2597	1125.9789
583.8446	1138.8245
585.42944	1128.4928
587.01434	1116.5912
588.59918	1121.3691
590.18402	1129.8693
591.76892	1136.0704
593.35376	1119.6899
594.93866	1119.318
596.5235	1118.4966
598.1084	1109.174
599.69324	1116.7344
601.27814	1122.5605
602.86298	1122.7443
604.44788	1113.675
606.03271	1114.6177
607.61761	1123.3136
609.20245	1132.3584
610.78729	1143.6111
612.37219	1130.8606
613.95703	1129.1726
615.54193	1127.2587
617.12677	1128.8732
618.71167	1124.9723
620.29651	1120.5612
621.88141	1123.9906
623.46625	1131.8431
625.05115	1116.2343
626.63599	1122.6483
628.22089	1118.2048
629.80573	1123.2722
631.39056	1130.6527
632.97546	1126.5529
634.5603	1117.3436
636.1452	1121.2783
637.73004	1118.9714
639.31494	1118.1124
640.89978	1120.4915
642.48468	1127.5013
644.06952	1117.823
645.65442	1120.563
647.23926	1115.5422
648.82416	1116.1941
650.409	1120.7335
651.99384	1122.391
653.57874	1127.6229
655.16357	1127.2803
656.74847	1120.8685
658.33331	1125.7256
659.91821	1114.1996
661.50305	1112.8809
663.08795	1115.2032
664.67279	1121.9442
666.25769	1118.7125
667.84253	1135.8352
669.42743	1138.4297
671.01227	1121.6576
672.59711	1124.6182
674.18201	1119.7532
675.76685	1117.746
677.35175	1120.087
678.93658	1117.177
680.52148	1126.322
682.10632	1129.2544
683.69122	1125.6183
685.27606	1130.874
686.86096	1123.0352
688.4458	1124.462
690.0307	1133.6909
691.61554	1128.3619
693.20044	1116.9004
694.78528	1119.9785
696.37012	1121.5767
697.95502	1121.8457
699.53986	1115.4694
701.12476	1124.0435
702.70959	1113.3887
704.29449	1121.3855
705.87933	1123.0582
707.46423	1112.4075
709.04907	1111.3094
710.63397	1117.9515
712.21881	1120.7823
713.80371	1112.3815
715.38855	1106.1638
716.97339	1113.4084
718.55829	1110.2863
720.14313	1123.0142
721.72803	1120.777
723.31287	1115.1707
724.89777	1118.8303
726.4826	1114.8082
728.0675	1136.5452
729.65234	1119.9326
731.23724	1110.7604
732.82208	1114.3776
734.40698	1114.5785
735.99182	1103.7266
737.57666	1109.424
739.16156	1117.4802
740.7464	1114.8497
742.3313	1116.8422
743.91614	1115.9601
745.50104	1111.4274
747.08588	1125.9327
748.67078	1112.1499
750.25562	1111.3265
751.84052	1121.5831
753.42535	1126.2263
755.01025	1122.0665
756.59509	1128.9591
758.17993	1127.1923
759.76483	1124.4829
761.34967	1134.1664
762.93457	1112.7867
764.51941	1110.7542
766.10431	1112.0553
767.68915	1120.4874
769.27405	1128.9758
770.85889	1126.2813
772.44379	1127.4768
774.02863	1126.6775
775.61353	1129.9355
777.19836	1127.8835
778.7832	1124.7739
780.3681	1126.2211
781.95294	1114.0741
783.53784	1113.4164
785.12268	1119.076
786.70758	1124.6454
788.29242	1132.8029
789.87732	1123.9735
791.46216	1128.521
793.04706	1131.5673
794.6319	1124.5592
796.2168	1126.2875
797.80164	1125.9873
799.38647	1116.8302
800.97137	1120.0034
802.55621	1116.631
804.14111	1120.7239
805.72595	1114.7332
807.31085	1129.6769
808.89569	1131.4476
810.48059	1132.7643
812.06543	1117.0562
813.65033	1118.5297
815.23517	1123.1544
816.82007	1122.3881
818.40491	1128.0425
819.98975	1142.0964
821.57465	1132.6772
823.15948	1122.8254
824.74438	1122.8451
826.32922	1115.4176
827.91412	1126.1759
829.49896	1118.5278
831.08386	1122.5787
832.6687	1118.4526
834.2536	1130.5741
835.83844	1129.7711
837.42334	1117.3838
839.00818	1118.7446
840.59302	1117.6014
842.17792	1124.4084
843.76276	1115.0769
845.34766	1134.296
846.9325	1134.1899
848.5174	1131.7117
850.10223	1129.5494
851.68713	1134.2919
853.27197	1143.8239
854.85687	1140.585
856.44171	1136.0227
858.02661	1133.0654
859.61145	1133.3031
861.19629	1132.1455
862.78119	1138.7706
864.36603	1124.326
865.95093	1135.2117
867.53577	1133.1896
869.12067	1145.7836
870.70551	1139.0437
872.29041	1138.3441
873.87524	1126.3925
875.46014	1130.4955
877.04498	1124.1466
878.62988	1122.6128
880.21472	1136.6846
881.79956	1124.4885
883.38446	1138.7214
884.9693	1144.1669
886.5542	1130.9805
888.13904	1134.1694
889.72394	1133.324
891.30878	1125.2639
892.89368	1125.8555
894.47852	1127.7719
896.06342	1117.2921
897.64825	1122.549
899.23315	1125.8135
900.81799	1132.6279
902.40289	1132.9988
903.98773	1130.8867
905.57257	1139.0679
907.15747	1141.1627
908.74231	1138.8792
910.32721	1137.4227
911.91205	1148.5421
913.49695	1140.28
915.08179	1134.6433
916.66669	1136.6654
918.25153	1137.2915
919.83643	1131.405
921.42126	1135.6417
923.00616	1136.5708
924.591	1148.9481
926.17584	1140.829
927.76074	1125.3907
929.34558	1136.2777
930.93048	1137.1323
932.51532	1141.4113
934.10022	1152.526
935.68506	1146.8524
937.26996	1135.5693
938.8548	1134.9047
940.4397	1131.4427
942.02454	1147.3661
943.60944	1146.9286
945.19427	1156.6322
946.77911	1141.9221
948.36401	1150.4645
949.94885	1152.0326
951.53375	1149.1477
953.11859	1155.3015
954.70349	1160.6622
956.28833	1161.1594
957.87323	1155.8931
959.45807	1152.8645
961.04297	1151.2758
962.62781	1154.1282
964.21271	1162.1713
965.79755	1165.8036
967.38239	1165.1218
968.96729	1175.6847
970.55212	1176.7312
972.13702	1182.4536
973.72186	1179.8892
975.30676	1178.8378
976.8916	1184.5448
978.4765	1186.2771
980.06134	1179.1487
981.64624	1191.5302
983.23108	1182.0443
984.81598	1188.6414
986.40082	1197.244
987.98566	1199.0956
989.57056	1203.2269
991.1554	1205.9395
992.7403	1207.7064
994.32513	1193.4049
995.91003	1208.0574
997.49487	1202.9164
999.07977	1199.2145
1000.6646	1209.5408
1002.2495	1193.5385
1003.8344	1204.6329
1005.4193	1206.2692
1007.0041	1200.3444
1008.5889	1189.834
1010.1738	1192.2175
1011.7587	1188.0161
1013.3436	1203.5535
1014.9284	1200.6571
1016.5133	1198.5837
1018.0981	1202.6095
1019.683	1204.0557
1021.2679	1193.9946
1022.8528	1193.8887
1024.4376	1192.0369
1026.0225	1201.9564
1027.6074	1206.4873
1029.1923	1197.4344
1030.7771	1196.9517
1032.3619	1199.5721
1033.9468	1196.7222
1035.5317	1198.1227
1037.1166	1191.7816
1038.7014	1195.9233
1040.2863	1216.5514
1041.8712	1216.693
1043.4561	1199.3457
1045.0409	1200.2928
1046.6257	1181.5076
1048.2107	1184.3558
1049.7955	1193.9764
1051.3804	1179.1534
1052.9652	1186.6447
1054.55	1188.3174
1056.135	1187.8447
1057.7198	1196.3727
1059.3047	1195.6661
1060.8895	1194.3832
1062.4745	1190.5681
1064.0593	1190.4604
1065.6442	1186.2997
1067.229	1191.4249
1068.814	1187.1504
1070.3988	1195.7128
1071.9836	1191.8038
1073.5685	1190.4445
1075.1533	1195.3196
1076.7383	1185.0955
1078.3231	1182.1194
1079.908	1174.921
1081.4928	1181.3462
1083.0778	1174.8395
1084.6626	1181.4978
1086.2474	1174.1212
1087.8323	1179.4557
1089.4172	1179.7234
1091.0021	1189.2122
1092.5869	1210.5568
1094.1718	1186.0437
1095.7566	1182.7831
1097.3416	1159.6383
1098.9264	1165.364
1100.5112	1175.9604
1102.0961	1161.0718
1103.681	1155.9746
1105.2659	1156.0466
1106.8507	1155.9913
1108.4355	1168.5651
1110.0205	1166.3394
1111.6053	1171.0895
1113.1902	1198.9948
1114.775	1276.4546
1116.3599	1374.214
1117.9448	1473.2644
1119.5297	1524.7385
1121.1145	1502.113
1122.6993	1400.2274
1124.2843	1289.1101
1125.8691	1215.2119
1127.454	1176.4326
1129.0388	1151.8279
1130.6238	1150.4313
1132.2086	1146.5366
1133.7935	1146.9119
1135.3783	1164.0684
1136.9631	1150.4666
1138.5481	1157.4393
1140.1329	1166.3936
1141.7178	1160.7808
1143.3026	1150.9022
1144.8876	1151.2423
1146.4724	1151.8689
1148.0573	1158.8969
1149.6421	1156.4943
1151.2271	1154.257
1152.8119	1154.425
1154.3967	1157.9225
1155.9816	1162.2041
1157.5664	1163.6919
1159.1514	1146.9878
1160.7362	1158.4409
1162.321	1155.2542
1163.9059	1144.8665
1165.4908	1146.2267
1167.0757	1145.6055
1168.6605	1149.7555
1170.2454	1139.1219
1171.8303	1151.2506
1173.4152	1162.0278
1175	1144.0789
1176.5848	1142.3025
1178.1697	1154.6105
1179.7546	1160.9564
1181.3395	1151.5039
1182.9243	1149.6793
1184.5092	1152.2648
1186.0941	1163.1576
1187.679	1166.9419
1189.2638	1161.9803
1190.8486	1155.7751
1192.4336	1148.6434
1194.0184	1144.0446
1195.6033	1158.3752
1197.1881	1153.6997
1198.7729	1158.1511
1200.3579	1149.3236
1201.9427	1151.0282
1203.5276	1150.3926
1205.1124	1149.2527
1206.6974	1165.9767
1208.2822	1152.6348
1209.8671	1159.6394
1211.4519	1155.49
1213.0369	1159.0923
1214.6217	1158.5652
1216.2065	1157.4031
1217.7914	1154.5974
1219.3762	1155.0156
1220.9612	1157.8906
1222.546	1163.0438
1224.1309	1157.6602
1225.7157	1166.9449
1227.3007	1159.3271
1228.8855	1161.1213
1230.4703	1150.4563
1232.0552	1149.0637
1233.6401	1150.0453
1235.225	1148.7781
1236.8098	1146.4867
1238.3947	1159.0409
1239.9795	1151.1599
1241.5645	1146.3293
1243.1493	1140.8657
1244.7341	1152.132
1246.319	1145.6814
1247.9039	1149.9069
1249.4888	1147.5206
1251.0736	1151.0652
1252.6584	1145.3009
1254.2434	1150.4182
1255.8282	1156.8231
1257.4131	1159.7469
1258.9979	1151.1542
1260.5828	1152.8108
1262.1677	1160.4786
1263.7526	1157.0923
1265.3374	1156.5908
1266.9222	1147.2513
1268.5072	1153.5953
1270.092	1165.9445
1271.6769	1161.2909
1273.2617	1154.7209
1274.8467	1138.4783
1276.4315	1150.8518
1278.0164	1158.3942
1279.6012	1166.1415
1281.186	1164.9591
1282.771	1165.0018
1284.3558	1152.5651
1285.9407	1163.9897
1287.5255	1149.8125
1289.1105	1148.4735
1290.6953	1154.4064
1292.2802	1161.9642
1293.865	1159.0875
1295.45	1155.5345
1297.0348	1158.3944
1298.6196	1161.2898
1300.2045	1163.842
1301.7893	1168.0784
1303.3743	1156.5624
1304.9591	1162.8739
1306.5439	1149.3237
1308.1288	1150.3843
1309.7137	1156.5577
1311.2986	1157.531
1312.8834	1165.3352
1314.4683	1151.9714
1316.0532	1171.4026
1317.6381	1164.077
1319.2229	1161.2305
1320.8077	1147.6486
1322.3926	1146.9608
1323.9775	1164.5859
1325.5624	1143.7155
1327.1472	1142.7014
1328.7321	1154.8175
1330.317	1159.9652
1331.9019	1167.9545
1333.4867	1157.5486
1335.0715	1152.3425
1336.6565	1154.9878
1338.2413	1163.524
1339.8262	1154.875
1341.411	1147.1917
1342.9958	1163.0682
1344.5808	1154.1984
1346.1656	1155.7074
1347.7505	1160.8484
1349.3353	1161.0293
1350.9203	1168.2133
1352.5051	1167.5732
1354.09	1170.3129
1355.6748	1156.3494
1357.2598	1151.163
1358.8446	1161.2928
1360.4294	1154.479
1362.0143	1168.3877
1363.5991	1162.5369
1365.1841	1157.405
1366.7689	1143.0551
1368.3538	1155.9476
1369.9386	1166.8549
1371.5236	1166.4895
1373.1084	1151.4205
1374.6932	1148.3103
1376.2781	1157.3663
1377.863	1157.0812
1379.4479	1154.7157
1381.0327	1159.4304
1382.6176	1150.2959
1384.2025	1160.5431
1385.7874	1164.8203
1387.3722	1175.5948
1388.957	1162.2289
1390.5419	1149.8236
1392.1268	1156.8121
1393.7117	1151.0415
1395.2965	1158.2545
1396.8813	1148.2941
1398.4663	1150.002
1400.0511	1158.5432
1401.636	1156.6508
1403.2208	1152.3242
1404.8058	1150.5627
1406.3906	1156.1431
1407.9755	1168.0236
1409.5603	1158.5211
1411.1451	1157.0688
1412.7301	1154.0104
1414.3149	1155.0365
1415.8998	1149.5923
1417.4846	1153.8966
1419.0696	1157.2509
1420.6544	1145.8455
1422.2393	1148.1932
1423.8241	1156.4236
1425.4091	1146.1593
1426.9939	1159.4016
1428.5787	1163.8812
1430.1636	1163.7433
1431.7484	1154.8423
1433.3334	1148.12
1434.9182	1162.7949
1436.5031	1153.6466
1438.0879	1152.3767
1439.6729	1156.3301
1441.2577	1153.4835
1442.8425	1152.5791
1444.4274	1161.9115
1446.0123	1150.5613
1447.5972	1146.1277
1449.182	1148.0284
1450.7668	1156.5797
1452.3517	1157.7108
1453.9366	1153.1978
1455.5215	1164.0463
1457.1063	1159.4382
1458.6912	1158.4854
1460.2761	1146.7156
1461.861	1150.9548
1463.4458	1167.7773
1465.0306	1158.2157
1466.6156	1157.41
1468.2004	1154.807
1469.7853	1167.3693
1471.3701	1165.6549
1472.955	1156.1118
1474.5399	1146.4506
1476.1248	1154.5128
1477.7096	1157.3958
1479.2944	1160.4099
1480.8794	1148.5293
1482.4642	1147.4116
1484.0491	1140.2921
1485.6339	1153.5488
1487.2189	1146.7493
1488.8037	1147.2539
1490.3885	1159.3296
1491.9734	1148.5217
1493.5582	1151.7891
1495.1432	1160.5831
1496.728	1143.5699
1498.3129	1141.0566
1499.8977	1146.3934
1501.4827	1146.6288
1503.0675	1148.6508
1504.6523	1155.8975
1506.2372	1157.3882
1507.8221	1147.6462
1509.407	1146.9158
1510.9918	1154.1382
1512.5767	1152.6174
1514.1615	1151.9948
1515.7465	1157.6669
1517.3313	1165.4742
1518.9161	1168.7172
1520.501	1160.6442
1522.0859	1149.6532
1523.6708	1149.9694
1525.2556	1159.0265
1526.8405	1149.6323
1528.4254	1157.2704
1530.0103	1157.1903
1531.5951	1160.4474
1533.1799	1151.6981
1534.7648	1164.2897
1536.3497	1166.3901
1537.9346	1156.3756
1539.5194	1161.6771
1541.1042	1163.1193
1542.6892	1167.4059
1544.274	1168.5215
1545.8589	1159.4458
1547.4437	1168.2578
1549.0287	1166.098
1550.6135	1168.4474
1552.1984	1165.2018
1553.7832	1161.538
1555.368	1168.2595
1556.953	1168.8228
1558.5378	1172.697
1560.1227	1159.9126
1561.7075	1151.8275
1563.2925	1151.5254
1564.8773	1152.3107
1566.4622	1160.8096
1568.047	1175.1176
1569.632	1170.208
1571.2168	1155.8346
1572.8016	1166.4075
1574.3865	1151.9052
1575.9713	1154.4476
1577.5563	1161.146
1579.1411	1171.4572
1580.726	1180.4471
1582.3108	1171.9089
1583.8958	1161.579
1585.4806	1167.3146
1587.0654	1170.6798
1588.6503	1171.6978
1590.2352	1160.6882
1591.8201	1154.5897
1593.4049	1161.4834
1594.9897	1158.8711
1596.5746	1160.6145
1598.1595	1170.1921
1599.7444	1160.1771
1601.3292	1160.2129
1602.9141	1173.5237
1604.499	1166.2072
1606.0839	1166.6951
1607.6687	1168.0894
1609.2535	1173.8336
1610.8385	1167.2289
1612.4233	1169.0002
1614.0082	1174.2017
1615.593	1172.2788
1617.1779	1171.5173
1618.7628	1165.4502
1620.3477	1170.4908
1621.9325	1169.7554
1623.5173	1171.5092
1625.1023	1172.3274
1626.6871	1173.7709
1628.272	1166.0752
1629.8568	1154.4784
1631.4418	1171.2485
1633.0266	1173.0341
1634.6115	1163.8059
1636.1963	1168.6754
1637.7811	1153.821
1639.3661	1167.9713
1640.9509	1167.0132
1642.5358	1166.4087
1644.1206	1151.1487
1645.7056	1159.1732
1647.2904	1169.0914
1648.8752	1158.4036
1650.4601	1167.5226
1652.045	1165.5453
1653.6299	1167.0232
1655.2147	1156.9812
1656.7996	1158.9475
1658.3844	1149.6583
1659.9694	1162.0911
1661.5542	1167.9722
1663.139	1170.1077
1664.7239	1156.6472
1666.3088	1162.3175
1667.8937	1159.564
1669.4785	1164.2343
1671.0634	1157.5654
1672.6483	1160.4784
1674.2332	1163.0869
1675.818	1168.0548
1677.4028	1164.1102
1678.9877	1156.8094
1680.5726	1158.0803
1682.1575	1171.5553
1683.7423	1166.3389
1685.3271	1165.6909
1686.9121	1173.2167
1688.4969	1168.7671
1690.0818	1175.734
1691.6666	1170.9595
1693.2516	1166.2389
1694.8364	1174.7014
1696.4213	1178.5248
1698.0061	1169.5348
1699.5909	1169.5845
1701.1759	1175.0526
1702.7607	1179.4542
1704.3456	1167.0206
1705.9304	1160.2188
1707.5154	1160.7786
1709.1002	1171.2263
1710.6851	1164.9583
1712.2699	1167.355
1713.8549	1166.2513
1715.4397	1167.5201
1717.0245	1171.4784
1718.6094	1188.8329
1720.1942	1169.7885
1721.7792	1172.7516
1723.364	1170.9794
1724.9489	1179.8159
1726.5337	1178.4696
1728.1187	1168.2479
1729.7035	1176.7762
1731.2883	1172.3234
1732.8732	1185.3196
1734.4581	1178.5464
1736.043	1182.0608
1737.6278	1171.5959
1739.2126	1164.0322
1740.7975	1179.9318
1742.3824	1170.0448
1743.9673	1179.5878
1745.5521	1176.3746
1747.137	1182.3844
1748.7219	1180.6449
1750.3068	1186.9254
1751.8916	1177.8519
1753.4764	1172.7844
1755.0614	1166.1378
1756.6462	1165.0305
1758.2311	1165.8074
1759.8159	1168.7532
1761.4009	1187.704
1762.9857	1178.2168
1764.5706	1184.9028
1766.1554	1167.436
1767.7402	1167.9629
1769.3252	1167.6042
1770.91	1174.1348
1772.4949	1172.912
1774.0797	1190.837
1775.6647	1194.2837
1777.2495	1189.2478
1778.8344	1192.2427
1780.4192	1187.0734
1782.0042	1189.7078
1783.589	1198.6329
1785.1738	1178.9556
1786.7587	1174.2587
1788.3435	1183.3218
1789.9285	1176.8757
1791.5133	1160.5364
1793.0981	1177.5232
1794.683	1174.4552
1796.2679	1185.0713
1797.8528	1181.6107
1799.4376	1190.5768
1801.0225	1177.0353
1802.6074	1182.2035
1804.1923	1184.4745
1805.7771	1182.0632
1807.3619	1178.7009
1808.9468	1173.967
1810.5317	1170.9384
1812.1166	1179.6251
1813.7014	1180.4884
1815.2863	1179.7527
1816.8712	1181.6599
1818.4561	1181.3643
1820.0409	1170.755
1821.6257	1179.8031
1823.2107	1189.5051
1824.7955	1180.8502
1826.3804	1177.4219
1827.9652	1184.2004
1829.55	1178.7288
1831.135	1181.5157
1832.7198	1177.7263
1834.3047	1178.3693
1835.8895	1184.9171
1837.4745	1182.5697
1839.0593	1181.2556
1840.6442	1186.9305
1842.229	1188.3613
1843.814	1186.5802
1845.3988	1189.6602
1846.9836	1174.9792
1848.5685	1196.4752
1850.1533	1184.8777
1851.7383	1199.7446
1853.3231	1198.0632
1854.908	1184.4417
1856.4928	1183.3898
1858.0778	1180.0201
1859.6626	1181.907
1861.2474	1177.599
1862.8323	1165.153
1864.4172	1179.5237
1866.0021	1175.6462
1867.5869	1178.7172
1869.1718	1185.6932
1870.7566	1183.5953
1872.3416	1181.4727
1873.9264	1178.5593
1875.5112	1175.0637
1877.0961	1185.1398
1878.681	1172.0916
1880.2659	1180.066
1881.8507	1188.8684
1883.4355	1196.6924
1885.0205	1192.3142
1886.6053	1188.6233
1888.1902	1186.6329
1889.775	1178.9196
1891.3599	1188.9373
1892.9448	1185.4196
1894.5297	1175.293
1896.1145	1184.3761
1897.6993	1180.8757
1899.2843	1178.4357
1900.8691	1183.6837
1902.454	1186.3038
1904.0388	1191.6166
1905.6238	1188.5142
1907.2086	1185.3937
1908.7935	1176.5278
1910.3783	1170.663
1911.9631	1181.8187
1913.5481	1182.7101
1915.1329	1177.8042
1916.7178	1179.2166
1918.3026	1185.2382
1919.8876	1182.1987
1921.4724	1181.1332
1923.0573	1198.4092
1924.6421	1186.2281
1926.2271	1183.7211
1927.8119	1182.2651
1929.3967	1186.7168
1930.9816	1179.8959
1932.5664	1184.6893
1934.1514	1193.3137
1935.7362	1191.3424
1937.321	1177.032
1938.9059	1184.7072
1940.4908	1187.8203
1942.0757	1190.9923
1943.6605	1194.7747
1945.2454	1189.6663
1946.8303	1187.674
1948.4152	1182.6986
1950	1199.0559
1951.5848	1192.9063
1953.1697	1174.9968
1954.7546	1173.6382
1956.3395	1174.3999
1957.9243	1172.5552
1959.5092	1178.4454
1961.0941	1182.5558
1962.679	1177.5105
1964.2638	1177.5787
1965.8486	1187.0022
1967.4336	1184.4248
1969.0184	1191.194
1970.6033	1196.0577
1972.1881	1186.6963
1973.7729	1178.5874
1975.3579	1178.6754
1976.9427	1185.016
1978.5276	1182.6172
1980.1124	1181.8982
1981.6974	1178.7688
1983.2822	1184.9524
1984.8671	1177.8983
1986.4519	1183.1277
1988.0369	1184.7578
1989.6217	1183.2051
1991.2065	1183.7649
1992.7914	1183.8315
1994.3762	1177.6923
1995.9612	1184.822
1997.546	1179.5898
1999.1309	1179.9614
2000.7157	1170.4403
2002.3007	1179.0232
2003.8855	1175.0162
2005.4703	1189.0615
2007.0552	1178.9291
2008.6401	1179.8263
2010.225	1175.6079
2011.8098	1191.3829
2013.3947	1189.2811
2014.9795	1184.2258
2016.5645	1176.2462
2018.1493	1174.5964
2019.7341	1175.3818
2021.319	1169.3075
2022.9039	1175.8922
2024.4888	1180.8252
2026.0736	1181.7554
2027.6584	1177.4381
2029.2434	1163.6832
2030.8282	1170.2676
2032.4131	1176.4448
2033.9979	1170.4036
2035.5828	1174.1694
2037.1677	1180.1051
2038.7526	1167.9871
2040.3374	1183.886
2041.9222	1181.8865
2043.5072	1187.6377
2045.092	1175.0055
2046.6769	1177.5083
2048.2617	1188.1443
2049.8467	1191.1132
2051.4314	1183.0884
2053.0164	1182.9224
2054.6013	1184.0436
2056.186	1184.0405
2057.771	1175.7964
2059.3557	1174.4614
2060.9407	1181.6019
2062.5256	1177.4799
2064.1104	1180.984
2065.6953	1178.9601
2067.2803	1190.6527
2068.865	1180.594
2070.45	1191.4719
2072.0347	1189.1089
2073.6196	1197.031
2075.2046	1193.9192
2076.7893	1191.625
2078.3743	1189.6366
2079.959	1190.3594
2081.5439	1201.7694
2083.1289	1193.783
2084.7136	1190.9078
2086.2986	1187.9839
2087.8835	1185.804
2089.4683	1186.7555
2091.0532	1186.687
2092.6379	1194.3116
2094.2229	1209.9789
2095.8079	1234.9277
2097.3926	1232.0557
2098.9775	1236.0524
2100.5623	1208.1906
2102.1472	1204.8096
2103.7322	1182.5851
2105.3169	1185.416
2106.9019	1189.5449
2108.4868	1185.9187
2110.0715	1176.9865
2111.6565	1189.1915
2113.2412	1188.8988
2114.8262	1192.2767
2116.4111	1186.0997
2117.9958	1191.1769
2119.5808	1185.8383
2121.1655	1180.1709
2122.7505	1177.098
2124.3354	1191.6099
2125.9202	1195.1144
2127.5051	1184.6918
2129.0901	1183.9138
2130.6748	1179.964
2132.2598	1191.1495
2133.8445	1187.3702
2135.4294	1179.6548
2137.0144	1179.813
2138.5991	1181.3877
2140.1841	1181.0129
2141.7688	1185.7246
2143.3538	1181.1554
2144.9387	1183.4639
2146.5234	1177.9695
2148.1084	1176.251
2149.6934	1176.2972
2151.2781	1173.6205
2152.863	1181.2484
2154.4478	1181.0698
2156.0327	1193.4009
2157.6177	1205.0646
2159.2024	1214.2604
2160.7874	1221.3983
2162.3721	1222.6633
2163.957	1189.8458
2165.542	1181.3568
2167.1267	1169.2155
2168.7117	1177.1742
2170.2966	1174.3617
2171.8813	1172.7024
2173.4663	1172.6884
2175.051	1185.5165
2176.636	1184.0488
2178.2209	1196.2485
2179.8057	1183.151
2181.3906	1173.8333
2182.9753	1186.0342
2184.5603	1178.9094
2186.1453	1165.5739
2187.73	1174.4269
2189.3149	1186.4214
2190.8999	1183.1808
2192.4846	1184.0045
2194.0696	1189.0197
2195.6543	1190.7327
2197.2393	1184.1941
2198.8242	1187.9266
2200.4089	1169.1501
2201.9939	1186.1185
2203.5786	1194.5983
2205.1636	1191.1156
2206.7485	1187.5394
2208.3333	1203.1649
2209.9182	1192.9813
2211.5032	1186.2717
2213.0879	1184.5807
2214.6729	1186.0646
2216.2576	1186.937
2217.8425	1181.4005
2219.4275	1167.2416
2221.0122	1181.1106
2222.5972	1183.1488
2224.1819	1194.2921
2225.7668	1187.5748
2227.3518	1198.551
2228.9365	1193.5901
2230.5215	1189.2826
2232.1064	1185.6619
2233.6912	1190.505
2235.2761	1181.2562
2236.8608	1183.8187
2238.4458	1184.8098
2240.0308	1182.5466
2241.6155	1192.3948
2243.2004	1174.8044
2244.7852	1175.9235
2246.3701	1179.2465
2247.9551	1198.7994
2249.5398	1191.8499
2251.1248	1177.4764
2252.7097	1186.5695
2254.2944	1188.0582
2255.8794	1177.1754
2257.4641	1182.7212
2259.0491	1185.9413
2260.634	1187.3098
2262.2188	1183.7914
2263.8037	1179.9861
2265.3884	1190.9886
2266.9734	1173.2811
2268.5583	1183.7676
2270.1431	1185.0702
2271.728	1186.1553
2273.313	1188.561
2274.8977	1175.1501
2276.4827	1189.4392
2278.0674	1173.4973
2279.6523	1185.6418
2281.2373	1182.8967
2282.822	1193.0679
2284.407	1187.2351
2285.9917	1193.6887
2287.5767	1186.9247
2289.1616	1191.4436
2290.7463	1188.7882
2292.3313	1187.1835
2293.9163	1179.2607
2295.501	1185.3711
2297.0859	1178.9736
2298.6707	1186.926
2300.2556	1183.1589
2301.8406	1181.7924
2303.4253	1188.1344
2305.0103	1178.9857
2306.595	1173.9967
2308.1799	1175.9497
2309.7649	1195.2025
2311.3496	1184.574
2312.9346	1183.7133
2314.5195	1188.694
2316.1042	1198.4399
2317.6892	1181.9784
2319.2739	1185.132
2320.8589	1189.9896
2322.4438	1184.5525
2324.0286	1202.803
2325.6135	1200.2549
2327.1982	1188.7991
2328.7832	1194.5107
2330.3682	1193.8623
2331.9529	1193.2482
2333.5378	1184.2219
2335.1228	1177.0155
2336.7075	1184.0007
2338.2925	1192.447
2339.8772	1189.684
2341.4622	1173.0143
2343.0471	1197.3346
2344.6318	1188.0938
2346.2168	1174.4877
2347.8018	1185.6487
2349.3865	1192.5735
2350.9714	1178.2267
2352.5562	1184.4371
2354.1411	1185.2999
2355.7261	1174.1039
2357.3108	1177.754
2358.8958	1165.9261
2360.4805	1185.0449
2362.0654	1178.1201
2363.6504	1170.356
2365.2351	1170.0273
2366.8201	1172.7048
2368.405	1177.2823
2369.9897	1179.2092
2371.5747	1176.4332
2373.1594	1170.2013
2374.7444	1178.7792
2376.3293	1175.5259
2377.9141	1183.2813
2379.499	1169.5381
2381.0837	1171.2534
2382.6687	1177.7651
2384.2537	1176.0062
2385.8384	1173.7122
2387.4233	1179.4183
2389.0083	1181.1661
2390.593	1174.4575
2392.178	1174.2891
2393.7627	1182.4102
2395.3477	1181.8893
2396.9326	1183.8182
2398.5173	1175.403
2400.1023	1181.4696
2401.687	1179.3416
2403.272	1170.7577
2404.8569	1176.2416
2406.4417	1170.7188
2408.0266	1166.9232
2409.6116	1170.3934
2411.1963	1158.9541
2412.7813	1183.4132
2414.366	1176.5399
2415.9509	1164.7628
2417.5359	1166.5248
2419.1206	1172.27
2420.7056	1166.4989
2422.2903	1162.1329
2423.8752	1173.252
2425.4602	1169.3009
2427.0449	1171.062
2428.6299	1159.6505
2430.2148	1167.2343
2431.7996	1166.4941
2433.3845	1166.1106
2434.9692	1161.6659
2436.5542	1170.4722
2438.1392	1173.8347
2439.7239	1180.948
2441.3088	1159.2664
2442.8936	1168.0751
2444.4785	1173.7533
2446.0635	1168.1156
2447.6482	1160.8986
2449.2332	1164.6691
2450.8181	1143.366
2452.4028	1161.2911
2453.9878	1171.7844
2455.5725	1173.5763
2457.1575	1164.0725
2458.7424	1170.7151
2460.3271	1163.265
2461.9121	1161.6555
2463.4968	1159.993
2465.0818	1167.4097
2466.6667	1157.421
2468.2515	1166.1019
2469.8364	1159.689
2471.4214	1159.9092
2473.0061	1165.4209
2474.5911	1162.0303
2476.1758	1163.2593
2477.7607	1169.7114
2479.3457	1150.5514
2480.9304	1154.2422
2482.5154	1166.0935
2484.1001	1163.3496
2485.6851	1163.8834
2487.27	1163.3247
2488.8547	1173.8979
2490.4397	1174.9359
2492.0247	1150.9789
2493.6094	1164.4591
2495.1943	1160.5457
2496.7791	1153.3499
2498.364	1165.1895
2499.949	1157.2974
2501.5337	1169.9944
2503.1187	1164.3881
2504.7034	1157.2845
2506.2883	1150.4882
2507.8733	1157.7632
2509.458	1159.731
2511.043	1163.6851
2512.6279	1168.7833
2514.2126	1152.8121
2515.7976	1157.6145
2517.3823	1148.1399
2518.9673	1147.5854
2520.5522	1150.7512
2522.137	1156.1238
2523.7219	1159.4447
2525.3066	1157.9739
2526.8916	1169.1604
2528.4766	1245.9464
2530.0613	1442.8778
2531.6462	1445.4462
2533.2312	1151.7617
2534.8159	1137.5054
2536.4009	1140.0874
2537.9856	1149.6873
2539.5706	1159.5144
2541.1555	1154.442
2542.7402	1148.826
2544.3252	1151.7375
2545.9099	1149.188
2547.4949	1153.8967
2549.0798	1160.342
2550.6646	1153.5916
2552.2495	1148.7075
2553.8345	1146.8335
2555.4192	1152.7819
2557.0042	1139.1566
2558.5889	1145.3137
2560.1738	1149.9803
2561.7588	1149.8127
2563.3435	1163.8828
2564.9285	1150.5747
2566.5132	1153.8073
2568.0981	1144.714
2569.6831	1150.5637
2571.2678	1139.4363
2572.8528	1146.8906
2574.4377	1157.4681
2576.0225	1168.7458
2577.6074	1152.5839
2579.1921	1145.3053
2580.7771	1151.0063
2582.3621	1149.1426
2583.9468	1151.11
2585.5317	1154.1528
2587.1165	1145.1361
2588.7014	1149.1509
2590.2864	1128.9998
2591.8711	1142.7404
2593.4561	1143.3303
2595.041	1136.7574
2596.6257	1141.3827
2598.2107	1139.3262
2599.7954	1126.8473
2601.3804	1136.9963
2602.9653	1138.4244
2604.55	1137.9579
2606.135	1141.5206
2607.7197	1156.1754
2609.3047	1151.407
2610.8896	1134.1718
2612.4744	1147.6072
2614.0593	1145.4586
2615.6443	1138.8501
2617.229	1145.8448
2618.814	1152.2374
2620.3987	1138.0614
2621.9836	1141.0942
2623.5686	1140.6682
2625.1533	1131.6453
2626.7383	1130.4564
2628.323	1124.1842
2629.908	1135.1526
2631.4929	1139.42
2633.0776	1140.0533
2634.6626	1135.9272
2636.2476	1132.2349
2637.8323	1134.4703
2639.4172	1139.5891
2641.002	1137.972
2642.5869	1141.4684
2644.1719	1137.5226
2645.7566	1144.4275
2647.3416	1143.5895
2648.9263	1137.3176
2650.5112	1127.3848
2652.0962	1130.563
2653.6809	1134.222
2655.2659	1121.9373
2656.8508	1133.3809
2658.4355	1138.7024
2660.0205	1137.2346
2661.6052	1125.7939
2663.1902	1125.2197
2664.7751	1131.5599
2666.3599	1131.224
2667.9448	1128.8621
2669.5295	1129.1926
2671.1145	1124.3928
2672.6995	1117.7139
2674.2842	1126.4718
2675.8691	1116.859
2677.4541	1122.5548
2679.0388	1127.0219
2680.6238	1122.3672
2682.2085	1125.4418
2683.7935	1109.9653
2685.3784	1124.149
2686.9631	1124.2001
2688.5481	1131.3221
2690.1328	1116.394
2691.7178	1117.6543
2693.3027	1129.8517
2694.8875	1129.2172
2696.4724	1135.8892
2698.0574	1121.8245
2699.6421	1125.5239
2701.2271	1127.1886
2702.8118	1123.1373
2704.3967	1123.4443
2705.9817	1118.3893
2707.5664	1118.4615
2709.1514	1108.5823
2710.7361	1115.056
2712.321	1116.4794
2713.906	1111.9531
2715.4907	1117.208
2717.0757	1121.9193
2718.6606	1107.3652
2720.2454	1110.7808
2721.8303	1109.922
2723.415	1109.0059
2725	1111.4908
2726.585	1114.2563
2728.1697	1106.4279
2729.7546	1120.3961
2731.3394	1108.1014
2732.9243	1110.3696
2734.5093	1107.0878
2736.094	1114.2673
2737.679	1111.7927
2739.2639	1114.4767
2740.8486	1104.3085
2742.4336	1105.129
2744.0183	1111.395
2745.6033	1118.5494
2747.1882	1112.1307
2748.7729	1102.8429
2750.3579	1106.0896
2751.9426	1115.0973
2753.5276	1107.4186
2755.1125	1114.9559
2756.6973	1105.2814
2758.2822	1110.2295
2759.8672	1121.9979
2761.4519	1120.5499
2763.0369	1105.4482
2764.6216	1109.9172
2766.2065	1110.2728
2767.7915	1111.6338
2769.3762	1117.55
2770.9612	1106.0137
2772.5459	1104.045
2774.1309	1102.7312
2775.7158	1103.5735
2777.3005	1118.9197
2778.8855	1105.7684
2780.4705	1090.7269
2782.0552	1100.9106
2783.6401	1106.3822
2785.2249	1105.5083
2786.8098	1096.8281
2788.3948	1097.7213
2789.9795	1097.8716
2791.5645	1096.7227
2793.1492	1094.7546
2794.7341	1097.064
2796.3191	1095.4199
2797.9038	1096.3815
2799.4888	1107.6304
2801.0737	1103.5155
2802.6584	1104.4537
2804.2434	1110.0079
2805.8281	1104.7787
2807.4131	1097.1216
2808.998	1102.6318
2810.5828	1102.5481
2812.1677	1092.0554
2813.7524	1099.707
2815.3374	1103.8374
2816.9224	1089.3208
2818.5071	1096.8126
2820.092	1081.6011
2821.677	1097.626
2823.2617	1090.6101
2824.8467	1090.3224
2826.4314	1083.5526
2828.0164	1080.3718
2829.6013	1089.3768
2831.186	1102.1771
2832.771	1095.7336
2834.3557	1100.2863
2835.9407	1092.3647
2837.5256	1087.4131
2839.1104	1088.1968
2840.6953	1083.7018
2842.2803	1084.1825
2843.865	1099.3785
2845.45	1109.4969
2847.0347	1095.0466
2848.6196	1094.8127
2850.2046	1082.8385
2851.7893	1098.5121
2853.3743	1092.9838
2854.959	1081.2803
2856.5439	1081.582
2858.1289	1079.3798
2859.7136	1083.4354
2861.2986	1080.5199
2862.8835	1091.1617
2864.4683	1088.9943
2866.0532	1087.3517
2867.6379	1091.775
2869.2229	1082.6119
2870.8079	1082
2872.3926	1079.0924
2873.9775	1084.618
2875.5623	1074.2194
2877.1472	1075.7543
2878.7322	1079.1571
2880.3169	1081.9474
2881.9019	1080.2494
2883.4868	1080.054
2885.0715	1065.5431
2886.6565	1071.333
2888.2412	1085.4056
2889.8262	1084.9753
2891.4111	1080.0868
2892.9958	1061.4058
2894.5808	1063.4446
2896.1655	1075.5818
2897.7505	1085.8235
2899.3354	1084.281
2900.9202	1069.2321
2902.5051	1063.5104
2904.0901	1065.9086
2905.6748	1073.1146
2907.2598	1063.631
2908.8445	1062.6484
2910.4294	1060.9539
2912.0144	1069.3887
2913.5991	1070.7876
2915.1841	1073.6233
2916.7688	1072.416
2918.3538	1071.1497
2919.9387	1057.2533
2921.5234	1073.7078
2923.1084	1071.0203
2924.6934	1073.9121
2926.2781	1056.032
2927.863	1057.1416
2929.4478	1067.9586
2931.0327	1058.2444
2932.6177	1057.8831
2934.2024	1069.8112
2935.7874	1070.2739
2937.3721	1057.3646
2938.957	1068.5673
2940.542	1069.4382
2942.1267	1065.2235
2943.7117	1064.5134
2945.2966	1069.7526
2946.8813	1067.2432
2948.4663	1060.5938
2950.051	1065.9843
2951.636	1070.9026
2953.2209	1067.4885
2954.8057	1056.1464
2956.3906	1059.3672
2957.9753	1061.6243
2959.5603	1056.1328
2961.1453	1060.696
2962.73	1070.5636
2964.3149	1063.6736
2965.8999	1059.9984
2967.4846	1055.0698
2969.0696	1049.9418
2970.6543	1064.4286
2972.2393	1061.4431
2973.8242	1042.3103
2975.4089	1066.1219
2976.9939	1075.5419
2978.5786	1068.1627
2980.1636	1072.0209
2981.7485	1066.2932
2983.3333	1052.1414
2984.9182	1060.6782
2986.5032	1071.2094
2988.0879	1064.6853
2989.6729	1062.3273
2991.2576	1059.4662
2992.8425	1064.9976
2994.4275	1056.9532
2996.0122	1061.4218
2997.5972	1059.2369
2999.1819	1061.614
3000.7668	1064.0079
3002.3518	1056.5377
3003.9365	1055.7668
3005.5215	1062.0248
3007.1064	1065.5804
3008.6912	1065.3895
3010.2761	1061.1117
3011.8608	1061.6256
3013.4458	1063.4512
3015.0308	1074.5393
3016.6155	1057.9965
3018.2004	1058.5586
3019.7852	1049.4595
3021.3701	1069.3032
3022.9551	1056.3326
3024.5398	1057.5322
3026.1248	1054.4496
3027.7097	1065.8009
3029.2944	1054.4475
3030.8794	1051.4546
3032.4641	1063.3013
3034.0491	1051.458
3035.634	1064.8456
3037.2188	1062.564
3038.8037	1057.1984
3040.3884	1059.6885
3041.9734	1059.4805
3043.5583	1061.283
3045.1431	1048.8953
3046.728	1069.4265
3048.313	1067.9293
3049.8977	1070.04
3051.4827	1066.3967
3053.0674	1061.2151
3054.6523	1063.0004
3056.2373	1076.3276
3057.822	1073.7415
3059.407	1084.2106
3060.9917	1073.8661
3062.5767	1092.2334
3064.1616	1087.5701
3065.7463	1098.1179
3067.3313	1108.2303
3068.9163	1122.7498
3070.501	1110.0419
3072.0859	1113.0449
3073.6707	1105.8662
3075.2556	1085.7972
3076.8406	1091.4
3078.4253	1088.9861
3080.0103	1075.8024
3081.595	1073.988
3083.1799	1071.91
3084.7649	1053.9012
3086.3496	1070.7135
3087.9346	1070.6665
3089.5195	1065.1471
3091.1042	1052.8943
3092.6892	1053.7357
3094.2739	1053.8636
3095.8589	1054.2401
3097.4438	1044.5876
3099.0286	1054.1478
3100.6135	1052.8499
3102.1982	1047.92
3103.7832	1037.7848
3105.3682	1051.1409
3106.9529	1054.7255
3108.5378	1041.3186
3110.1228	1049.3934
3111.7075	1037.1221
3113.2925	1031.8821
3114.8772	1043.0919
3116.4622	1037.5039
3118.0471	1043.0364
3119.6318	1054.6304
3121.2168	1051.9814
3122.8018	1038.6216
3124.3865	1039.6055
3125.9714	1056.5234
3127.5562	1056.6278
3129.1411	1040.1298
3130.7261	1035.5735
3132.3108	1049.2148
3133.8958	1041.6652
3135.4805	1041.6588
3137.0654	1037.8392
3138.6504	1049.0327
3140.2351	1041.8618
3141.8201	1041.2394
3143.405	1049.3738
3144.9897	1045.2344
3146.5747	1040.3507
3148.1594	1033.3954
3149.7444	1034.001
3151.3293	1045.2543
3152.9141	1038.8749
3154.499	1042.1954
3156.0837	1043.4291
3157.6687	1041.7897
3159.2537	1060.2563
3160.8384	1039.9359
3162.4233	1040.1621
3164.0083	1027.2405
3165.593	1055.9554
3167.178	1033.559
3168.7627	1032.4354
3170.3477	1021.4673
3171.9326	1035.9558
3173.5173	1025.415
3175.1023	1016.7684
3176.687	1025.1168
3178.272	1027.7019
3179.8569	1019.2224
3181.4417	1020.3408
3183.0266	1044.1107
3184.6116	1026.752
3186.1963	1014.1754
3187.7813	1015.065
3189.366	1027.4565
3190.9509	1020.1824
3192.5359	1040.6324
3194.1206	1032.4211
3195.7056	1023.1009
3197.2903	1020.8045
3198.8752	1011.1436
3200.4602	1020.1262
3202.0449	1009.8085
3203.6299	1007.2382
3205.2148	1023.4374
3206.7996	1026.9091
3208.3845	1031.3148
3209.9692	1030.2668
3211.5542	1020.4395
3213.1392	1002.1768
3214.7239	1023.9755
3216.3088	1033.6732
3217.8936	1029.7682
3219.4785	1019.7718
3221.0635	1025.4102
3222.6482	1022.1389
3224.2332	1026.9047
3225.8181	1017.8459
3227.4028	1027.1259
3228.9878	1033.4592
3230.5725	1020.153
3232.1575	1021.4224
3233.7424	1013.4349
3235.3271	1024.3765
3236.9121	1026.5206
3238.4968	1026.7843
3240.0818	1018.4543
3241.6667	1025.219
3243.2515	1027.9658
3244.8364	1013.7354
3246.4214	1008.629
3248.0061	1002.2078
3249.5911	1010.6371
3251.1758	1010.7092
3252.7607	1014.135
3254.3457	1008.7334
3255.9304	1020.3397
3257.5154	1016.6974
3259.1001	1009.2847
3260.6851	1019.2505
3262.27	1007.7062
3263.8547	1023.1446
3265.4397	1026.5753
3267.0247	1026.7303
3268.6094	1008.9629
3270.1943	996.95758
3271.7791	1029.4792
3273.364	1014.2291
3274.949	1019.3168
3276.5337	1028.3818
3278.1187	1015.4082
3279.7034	1027.621
3281.2883	1013.2634
3282.8733	997.23059
3284.458	1006.2721
3286.043	1004.6685
3287.6279	1001.4316
3289.2126	1025.8405
3290.7976	1023.6484
3292.3823	1009.1189
3293.9673	1027.0016
3295.5522	1009.3513
3297.137	1010.6024
3298.7219	1010.4303
3300.3066	1002.0745
3301.8916	1006.3052
3303.4766	1007.8661
3305.0613	1015.7164
3306.6462	1000.2118
3308.2312	1017.6202
3309.8159	995.35638
3311.4009	1010.1799
3312.9856	1011.1659
3314.5706	1005.0237
3316.1555	999.414
3317.7402	1005.3565
3319.3252	984.28198
3320.9099	1000.1336
3322.4949	1017.2429
3324.0798	1000.1368
3325.6646	998.45465
3327.2495	1015.5835
3328.8345	998.9718
3330.4192	980.73108
3332.0042	997.60883
3333.5889	1005.2569
3335.1738	1001.4934
3336.7588	1004.3864
3338.3435	994.76147
3339.9285	1009.3772
3341.5132	1008.0951
3343.0981	1010.1062
3344.6831	994.93549
3346.2678	998.11505
3347.8528	1017.9706
3349.4377	999.57751
3351.0225	999.73096
3352.6074	981.10114
3354.1921	1007.1994
3355.7771	988.7735
3357.3621	973.51111
3358.9468	988.34265
3360.5317	1001.4731
3362.1165	996.86993
3363.7014	979.32703
3365.2864	991.24615
3366.8711	986.43768
3368.4561	998.59845
3370.041	988.44202
3371.6257	984.15808
3373.2107	1004.8219
3374.7954	1001.3925
3376.3804	997.95654
3377.9653	989.59705
3379.55	997.25867
3381.135	1005.4431
3382.7197	984.57666
3384.3047	987.62378
3385.8896	993.60492
3387.4744	983.47748
3389.0593	986.66095
3390.6443	996.49701
3392.229	999.29742
3393.814	1005.4711
3395.3987	1005.446
3396.9836	1002.4222
3398.5686	989.00598
3400.1533	993.37292
3401.7383	979.85529
3403.323	995.39581
3404.908	982.5199
3406.4929	986.04736
3408.0776	983.97076
3409.6626	994.29626
3411.2476	995.80707
3412.8323	988.06207
3414.4172	983.17761
3416.002	997.45398
3417.5869	986.1839
3419.1719	986.40656
3420.7566	991.85114
3422.3416	973.12219
3423.9263	990.36169
3425.5112	980.70062
3427.0962	977.91858
3428.6809	971.72955
3430.2659	983.84808
3431.8508	991.64697
3433.4355	971.57733
3435.0205	988.27344
3436.6052	980.98132
3438.1902	969.66351
3439.7751	984.96295
3441.3599	983.61688
3442.9448	978.62628
3444.5295	972.83966
3446.1145	992.89001
3447.6995	985.39319
3449.2842	983.0545
3450.8691	979.43561
3452.4541	962.9743
3454.0388	994.34509
3455.6238	973.43329
3457.2085	957.75085
3458.7935	981.84296
3460.3784	980.39825
3461.9631	963.37402
3463.5481	964.46674
3465.1328	972.39044
3466.7178	983.79669
3468.3027	970.15326
3469.8875	965.17236
3471.4724	962.92603
3473.0574	968.90851
3474.6421	962.53143
3476.2271	979.98273
3477.8118	972.38239
3479.3967	956.54352
3480.9817	966.28552
3482.5664	963.79028
3484.1514	974.59991
3485.7361	958.88287
3487.321	972.4411
3488.906	963.1084
3490.4907	970.06964
3492.0757	971.08765
3493.6606	964.53125
3495.2454	959.12256
3496.8303	967.35541
3498.415	959.36035
3500	956.2663
