400	846.87677
401.58487	844.17969
403.16974	847.40948
404.75461	846.17572
406.33948	852.73822
407.92435	848.56696
409.50922	843.82513
411.09406	848.38843
412.67892	848.24536
414.26379	843.39453
415.84866	851.32568
417.43353	850.36163
419.0184	852.17371
420.60327	856.5575
422.18814	851.79181
423.77301	849.73785
425.35788	848.24084
426.94275	851.315
428.52762	848.28912
430.11249	850.00812
431.69733	855.49854
433.2822	858.75677
434.86707	849.23651
436.45193	846.44623
438.0368	855.99268
439.62167	856.67358
441.20654	847.30957
442.79141	851.44354
444.37628	860.3324
445.96115	856.83081
447.54602	857.70642
449.13089	851.0061
450.71576	860.0957
452.30063	860.77734
453.88547	860.36072
455.47034	864.11249
457.05521	858.37634
458.64008	860.46991
460.22495	854.87616
461.80981	861.20068
463.39468	862.21552
464.97955	857.3642
466.56442	858.26874
468.14929	858.72034
469.73416	858.85022
471.31903	863.45276
472.9039	856.70941
474.48874	858.97119
476.07361	863.07013
477.65848	863.54614
479.24335	859.87537
480.82822	854.77783
482.41309	852.6488
483.99796	858.54413
485.58282	860.82062
487.16769	861.31635
488.75256	865.85571
490.33743	871.48315
491.9223	869.51196
493.50717	864.44373
495.09201	867.47131
496.67688	874.3493
498.26175	867.39795
499.84662	866.72052
501.43149	870.90942
503.01636	864.88776
504.60123	865.00677
506.1861	866.88519
507.77097	875.99194
509.35583	876.73334
510.9407	880.50482
512.52557	871.06598
514.11041	867.06891
515.69531	871.05994
517.28015	868.20258
518.86505	874.43683
520.44989	872.23029
522.03479	878.35333
523.61963	874.21051
525.20453	867.4516
526.78937	862.24042
528.37421	865.65686
529.95911	885.64325
531.54395	882.32477
533.12885	867.07214
534.71368	874.27844
536.29858	877.47113
537.88342	873.03705
539.46832	871.26794
541.05316	872.79956
542.63806	877.81561
544.2229	872.64618
545.8078	870.53644
547.39264	866.79517
548.97748	871.46552
550.56238	878.45947
552.14722	880.56824
553.73212	874.46826
555.31696	871.34619
556.90186	878.55585
558.48669	875.67035
560.07159	867.66583
561.65643	879.41626
563.24133	872.93951
564.82617	868.43579
566.41107	876.18951
567.99591	882.44788
569.58075	886.74078
571.16565	877.2757
572.75049	880.95673
574.33539	880.02747
575.92023	879.57874
577.50513	880.21881
579.08997	888.54938
580.67487	888.6911
582.2597	884.77026
583.8446	878.896
585.42944	880.1087
587.01434	879.98987
588.59918	875.97656
590.18402	879.92468
591.76892	885.32141
593.35376	887.95575
594.93866	894.39801
596.5235	892.51245
598.1084	892.00677
599.69324	886.27203
601.27814	883.54626
602.86298	889.68195
604.44788	885.62042
606.03271	878.7785
607.61761	880.414
609.20245	890.37335
610.78729	895.78027
612.37219	892.52197
613.95703	886.59363
615.54193	880.21393
617.12677	892.35034
618.71167	890.78809
620.29651	886.82849
621.88141	884.56482
623.46625	895.16638
625.05115	892.51941
626.63599	883.88025
628.22089	884.66888
629.80573	892.01373
631.39056	889.79248
632.97546	889.08386
634.5603	889.82483
636.1452	891.10736
637.73004	890.34076
639.31494	897.20404
640.89978	892.50861
642.48468	891.45099
644.06952	898.31836
645.65442	896.42877
647.23926	893.66968
648.82416	895.47784
650.409	893.69092
651.99384	897.41748
653.57874	898.32452
655.16357	881.31781
656.74847	884.13184
658.33331	886.74951
659.91821	897.34082
661.50305	894.33179
663.08795	889.41425
664.67279	899.93567
666.25769	894.19562
667.84253	894.56329
669.42743	889.25745
671.01227	887.16699
672.59711	902.25458
674.18201	901.13458
675.76685	904.83881
677.35175	904.67877
678.93658	897.96454
680.52148	892.05847
682.10632	896.78864
683.69122	895.38
685.27606	902.77832
686.86096	903.04706
688.4458	905.80621
690.0307	915.53607
691.61554	917.38214
693.20044	903.96326
694.78528	898.58887
696.37012	901.10522
697.95502	904.93518
699.53986	904.36566
701.12476	896.50452
702.70959	895.1142
704.29449	895.67023
705.87933	905.00952
707.46423	903.60022
709.04907	900.86676
710.63397	894.83002
712.21881	899.27417
713.80371	894.93024
715.38855	908.16565
716.97339	901.4989
718.55829	894.18817
720.14313	894.67798
721.72803	896.80048
723.31287	897.53333
724.89777	908.76056
726.4826	901.17615
728.0675	898.75824
729.65234	896.28754
731.23724	897.29956
732.82208	897.60724
734.40698	894.73669
735.99182	898.07825
737.57666	898.25012
739.16156	903.49518
740.7464	906.75629
742.3313	908.46179
743.91614	903.64502
745.50104	904.43811
747.08588	906.49963
748.67078	907.84723
750.25562	897.6767
751.84052	905.66138
753.42535	911.24884
755.01025	898.32489
756.59509	900.22913
758.17993	911.98029
759.76483	909.12512
761.34967	911.42993
762.93457	913.07184
764.51941	900.38324
766.10431	907.7981
767.68915	912.95911
769.27405	911.42853
770.85889	914.43933
772.44379	918.10083
774.02863	920.32605
775.61353	913.64319
777.19836	916.20227
778.7832	911.44025
780.3681	913.8645
781.95294	917.2113
783.53784	917.62537
785.12268	911.73431
786.70758	913.29822
788.29242	914.49646
789.87732	909.25433
791.46216	914.0163
793.04706	907.0647
794.6319	916.84283
796.2168	921.08008
797.80164	922.95599
799.38647	916.35126
800.97137	918.29974
802.55621	916.72455
804.14111	921.78119
805.72595	920.24542
807.31085	923.56647
808.89569	916.21753
810.48059	930.18469
812.06543	923.88519
813.65033	909.39532
815.23517	927.55054
816.82007	925.19012
818.40491	907.68378
819.98975	905.97345
821.57465	914.56073
823.15948	912.86151
824.74438	915.39844
826.32922	913.38074
827.91412	918.01147
829.49896	917.15399
831.08386	922.63702
832.6687	910.02051
834.2536	914.03308
835.83844	920.73444
837.42334	927.38715
839.00818	924.18408
840.59302	925.16266
842.17792	919.99316
843.76276	927.90338
845.34766	915.20715
846.9325	926.40289
848.5174	925.29919
850.10223	915.2843
851.68713	920.05322
853.27197	915.60004
854.85687	917.79114
856.44171	916.58002
858.02661	923.00806
859.61145	926.04291
861.19629	928.52594
862.78119	921.65912
864.36603	917.7735
865.95093	926.77472
867.53577	921.3327
869.12067	932.9234
870.70551	929.48206
872.29041	925.21021
873.87524	915.59143
875.46014	931.45349
877.04498	925.70386
878.62988	919.54926
880.21472	924.22021
881.79956	929.29584
883.38446	924.99274
884.9693	934.40228
886.5542	928.6629
888.13904	926.37708
889.72394	931.21039
891.30878	930.5542
892.89368	930.04419
894.47852	924.99597
896.06342	926.39825
897.64825	933.74609
899.23315	927.16168
900.81799	924.34686
902.40289	929.77393
903.98773	937.013
905.57257	930.91632
907.15747	921.07208
908.74231	925.50385
910.32721	933.65625
911.91205	932.55774
913.49695	931.32172
915.08179	924.55762
916.66669	920.50854
918.25153	929.56488
919.83643	932.82031
921.42126	933.79791
923.00616	935.19641
924.591	933.51501
926.17584	940.09509
927.76074	936.28662
929.34558	933.67816
930.93048	924.11371
932.51532	924.91064
934.10022	930.49658
935.68506	929.08972
937.26996	921.93646
938.8548	930.08618
940.4397	934.99762
942.02454	923.91876
943.60944	928.83038
945.19427	924.47314
946.77911	932.59973
948.36401	933.98883
949.94885	935.77972
951.53375	943.62885
953.11859	938.49939
954.70349	935.77802
956.28833	930.28381
957.87323	932.18347
959.45807	943.03882
961.04297	939.5683
962.62781	942.00714
964.21271	940.89874
965.79755	939.08813
967.38239	936.20392
968.96729	937.34778
970.55212	945.25745
972.13702	939.862
973.72186	937.50562
975.30676	942.76501
976.8916	950.50537
978.4765	942.76007
980.06134	940.53979
981.64624	949.44843
983.23108	951.6004
984.81598	955.75958
986.40082	959.64392
987.98566	945.68976
989.57056	953.02075
991.1554	943.80396
992.7403	951.91278
994.32513	953.32019
995.91003	959.81256
997.49487	953.07837
999.07977	943.21906
1000.6646	945.25208
1002.2495	951.36981
1003.8344	960.51361
1005.4193	951.50189
1007.0041	948.05377
1008.5889	955.27478
1010.1738	960.28412
1011.7587	949.60925
1013.3436	943.46936
1014.9284	945.11224
1016.5133	951.16675
1018.0981	958.78339
1019.683	952.69592
1021.2679	944.50757
1022.8528	943.79907
1024.4376	947.0722
1026.0225	951.48944
1027.6074	955.36267
1029.1923	955.3891
1030.7771	954.98279
1032.3619	952.65338
1033.9468	953.81219
1035.5317	948.70465
1037.1166	954.57465
1038.7014	950.25116
1040.2863	946.9209
1041.8712	945.47577
1043.4561	959.69757
1045.0409	961.65204
1046.6257	946.6543
1048.2107	946.23804
1049.7955	953.25421
1051.3804	956.7254
1052.9652	954.3858
1054.55	951.22394
1056.135	953.44073
1057.7198	949.97272
1059.3047	945.15027
1060.8895	946.45258
1062.4745	943.63531
1064.0593	943.77478
1065.6442	947.99902
1067.229	955.06134
1068.814	952.27155
1070.3988	956.47528
1071.9836	947.29596
1073.5685	949.92493
1075.1533	948.23853
1076.7383	942.55475
1078.3231	949.08789
1079.908	953.43103
1081.4928	952.17151
1083.0778	950.32971
1084.6626	954.25385
1086.2474	953.79755
1087.8323	953.646
1089.4172	955.20148
1091.0021	954.4964
1092.5869	945.18671
1094.1718	948.78021
1095.7566	944.95856
1097.3416	942.69629
1098.9264	952.96484
1100.5112	954.84149
1102.0961	944.9176
1103.681	943.83362
1105.2659	948.12512
1106.8507	948.4707
1108.4355	940.13263
1110.0205	938.98297
1111.6053	947.65289
1113.1902	952.52167
1114.775	975.43152
1116.3599	1010.8028
1117.9448	1037.7919
1119.5297	1046.6293
1121.1145	1026.6183
1122.6993	1001.6975
1124.2843	978.34418
1125.8691	955.32251
1127.454	943.97028
1129.0388	937.06427
1130.6238	943.11713
1132.2086	944.41626
1133.7935	946.78253
1135.3783	948.15698
1136.9631	950.70813
1138.5481	947.41693
1140.1329	937.88751
1141.7178	940.94965
1143.3026	945.521
1144.8876	952.7417
1146.4724	947.36768
1148.0573	949.14966
1149.6421	951.6637
1151.2271	949.20001
1152.8119	947.25049
1154.3967	949.72675
1155.9816	944.90625
1157.5664	944.1095
1159.1514	948.82587
1160.7362	947.31177
1162.321	950.38947
1163.9059	950.60547
1165.4908	945.61224
1167.0757	952.42072
1168.6605	954.8504
1170.2454	945.1012
1171.8303	946.13934
1173.4152	950.90344
1175	956.89111
1176.5848	947.06207
1178.1697	947.72241
1179.7546	956.82825
1181.3395	950.14899
1182.9243	951.21094
1184.5092	953.35547
1186.0941	951.43219
1187.679	962.18378
1189.2638	952.23511
1190.8486	954.22961
1192.4336	950.78949
1194.0184	943.79272
1195.6033	949.50342
1197.1881	953.45758
1198.7729	958.86768
1200.3579	957.78662
1201.9427	957.4115
1203.5276	940.6673
1205.1124	961.25891
1206.6974	965.94556
1208.2822	948.57959
1209.8671	941.89435
1211.4519	940.35931
1213.0369	949.81073
1214.6217	941.92487
1216.2065	952.62836
1217.7914	948.42047
1219.3762	946.37909
1220.9612	950.54034
1222.546	947.96667
1224.1309	950.75537
1225.7157	950.85217
1227.3007	962.07629
1228.8855	957.33167
1230.4703	950.34479
1232.0552	944.36371
1233.6401	950.03705
1235.225	947.60272
1236.8098	951.07483
1238.3947	949.22571
1239.9795	949.57202
1241.5645	950.67426
1243.1493	951.80731
1244.7341	946.43982
1246.319	950.99042
1247.9039	950.67767
1249.4888	942.52026
1251.0736	941.21698
1252.6584	945.66534
1254.2434	947.15192
1255.8282	948.39124
1257.4131	941.39203
1258.9979	942.70221
1260.5828	947.27173
1262.1677	945.19733
1263.7526	943.08295
1265.3374	944.59076
1266.9222	951.35211
1268.5072	958.52411
1270.092	955.06116
1271.6769	933.84253
1273.2617	942.94366
1274.8467	943.91791
1276.4315	947.05072
1278.0164	955.77753
1279.6012	949.37939
1281.186	949.97424
1282.771	948.00421
1284.3558	958.39685
1285.9407	960.79742
1287.5255	955.32941
1289.1105	945.521
1290.6953	949.52625
1292.2802	948.20758
1293.865	952.48187
1295.45	960.05115
1297.0348	961.36353
1298.6196	960.87537
1300.2045	951.88647
1301.7893	956.17407
1303.3743	951.96686
1304.9591	951.99664
1306.5439	952.75134
1308.1288	953.1153
1309.7137	951.80554
1311.2986	956.91864
1312.8834	959.172
1314.4683	969.99713
1316.0532	945.38977
1317.6381	941.55249
1319.2229	955.31171
1320.8077	966.53253
1322.3926	960.29871
1323.9775	952.70569
1325.5624	960.14606
1327.1472	957.83423
1328.7321	959.55737
1330.317	950.55853
1331.9019	946.43719
1333.4867	957.44269
1335.0715	954.7655
1336.6565	952.96619
1338.2413	960.81036
1339.8262	966.80066
1341.411	945.35559
1342.9958	948.06635
1344.5808	951.84576
1346.1656	952.84894
1347.7505	955.45123
1349.3353	957.92212
1350.9203	954.23322
1352.5051	949.81763
1354.09	963.85986
1355.6748	959.9859
1357.2598	952.85541
1358.8446	952.79913
1360.4294	948.36365
1362.0143	951.58258
1363.5991	949.96149
1365.1841	945.58148
1366.7689	945.55865
1368.3538	953.93329
1369.9386	959.06378
1371.5236	963.17584
1373.1084	957.41675
1374.6932	945.14966
1376.2781	947.47083
1377.863	949.72296
1379.4479	946.14948
1381.0327	939.21533
1382.6176	957.32355
1384.2025	947.20837
1385.7874	949.75873
1387.3722	964.27673
1388.957	965.47778
1390.5419	949.21796
1392.1268	963.02203
1393.7117	952.93719
1395.2965	953.38794
1396.8813	962.5625
1398.4663	959.54327
1400.0511	961.32886
1401.636	954.54205
1403.2208	961.77643
1404.8058	952.90833
1406.3906	967.46143
1407.9755	964.64502
1409.5603	958.77704
1411.1451	964.99445
1412.7301	951.53156
1414.3149	956.16919
1415.8998	956.05127
1417.4846	956.1402
1419.0696	953.55341
1420.6544	944.26782
1422.2393	957.5813
1423.8241	967.73157
1425.4091	957.06409
1426.9939	944.04309
1428.5787	947.07104
1430.1636	953.32056
1431.7484	948.46521
1433.3334	950.59399
1434.9182	954.59814
1436.5031	954.92175
1438.0879	950.74902
1439.6729	948.43689
1441.2577	963.0741
1442.8425	957.84686
1444.4274	959.08862
1446.0123	956.26202
1447.5972	948.29077
1449.182	956.25824
1450.7668	953.52594
1452.3517	958.341
1453.9366	947.36298
1455.5215	954.54614
1457.1063	953.29694
1458.6912	955.70001
1460.2761	957.58197
1461.861	958.70856
1463.4458	963.22949
1465.0306	955.8125
1466.6156	949.70471
1468.2004	958.04224
1469.7853	954.00409
1471.3701	953.92108
1472.955	952.67096
1474.5399	954.92511
1476.1248	952.85413
1477.7096	954.50891
1479.2944	958.89764
1480.8794	951.42828
1482.4642	954.245
1484.0491	950.70404
1485.6339	952.91034
1487.2189	965.85962
1488.8037	954.61865
1490.3885	952.75287
1491.9734	951.56305
1493.5582	952.32538
1495.1432	957.44727
1496.728	959.5
1498.3129	956.36493
1499.8977	954.54858
1501.4827	945.09607
1503.0675	954.77148
1504.6523	947.14728
1506.2372	951.15314
1507.8221	952.46082
1509.407	947.98639
1510.9918	952.81427
1512.5767	959.63989
1514.1615	953.6922
1515.7465	950.94104
1517.3313	966.05438
1518.9161	961.13422
1520.501	963.18018
1522.0859	965.7536
1523.6708	963.10828
1525.2556	948.82141
1526.8405	941.46906
1528.4254	954.3844
1530.0103	959.19519
1531.5951	955.79419
1533.1799	952.50928
1534.7648	955.05432
1536.3497	949.68085
1537.9346	959.44025
1539.5194	967.17615
1541.1042	954.90363
1542.6892	962.7868
1544.274	946.91498
1545.8589	958.89142
1547.4437	962.4032
1549.0287	961.0578
1550.6135	960.39557
1552.1984	957.87274
1553.7832	955.41272
1555.368	958.81464
1556.953	949.7547
1558.5378	963.08295
1560.1227	965.46002
1561.7075	966.60327
1563.2925	958.49286
1564.8773	950.07068
1566.4622	956.43884
1568.047	960.64423
1569.632	963.32562
1571.2168	965.17371
1572.8016	961.52991
1574.3865	958.60199
1575.9713	965.0141
1577.5563	958.71692
1579.1411	955.92908
1580.726	963.93292
1582.3108	953.70258
1583.8958	953.60492
1585.4806	962.26764
1587.0654	971.66479
1588.6503	958.03668
1590.2352	966.23157
1591.8201	965.91547
1593.4049	967.69757
1594.9897	967.79254
1596.5746	959.29987
1598.1595	958.44336
1599.7444	956.66968
1601.3292	968.69556
1602.9141	962.06616
1604.499	963.74841
1606.0839	974.39166
1607.6687	982.04999
1609.2535	1104.7771
1610.8385	1161.7515
1612.4233	972.73999
1614.0082	967.42029
1615.593	965.78949
1617.1779	966.84668
1618.7628	962.9989
1620.3477	963.11768
1621.9325	957.39447
1623.5173	955.32208
1625.1023	955.77728
1626.6871	956.93237
1628.272	962.15521
1629.8568	966.73383
1631.4418	949.71503
1633.0266	959.64386
1634.6115	951.24371
1636.1963	959.51361
1637.7811	955.2608
1639.3661	965.93524
1640.9509	958.19397
1642.5358	959.09717
1644.1206	969.55341
1645.7056	975.32361
1647.2904	962.034
1648.8752	959.79095
1650.4601	963.7561
1652.045	963.32874
1653.6299	959.94562
1655.2147	956.05994
1656.7996	961.76733
1658.3844	970.20227
1659.9694	956.69452
1661.5542	954.21814
1663.139	962.33429
1664.7239	966.81696
1666.3088	970.39764
1667.8937	977.63086
1669.4785	965.46185
1671.0634	961.52881
1672.6483	964.57092
1674.2332	961.68042
1675.818	953.32251
1677.4028	955.51471
1678.9877	959.37439
1680.5726	962.75208
1682.1575	960.95117
1683.7423	957.06824
1685.3271	965.88513
1686.9121	975.17487
1688.4969	962.91858
1690.0818	962.50586
1691.6666	961.30518
1693.2516	966.23022
1694.8364	962.61847
1696.4213	956.06732
1698.0061	957.84406
1699.5909	957.43518
1701.1759	970.78766
1702.7607	959.97699
1704.3456	966.11206
1705.9304	958.94751
1707.5154	967.72455
1709.1002	963.77716
1710.6851	962.66266
1712.2699	953.38995
1713.8549	957.69739
1715.4397	964.43439
1717.0245	962.12952
1718.6094	962.96991
1720.1942	956.85315
1721.7792	965.16333
1723.364	971.76526
1724.9489	976.72668
1726.5337	972.9845
1728.1187	959.0473
1729.7035	961.94061
1731.2883	961.0238
1732.8732	957.45465
1734.4581	961.03772
1736.043	960.22345
1737.6278	958.01752
1739.2126	962.27704
1740.7975	959.94122
1742.3824	959.05066
1743.9673	968.69678
1745.5521	962.02869
1747.137	964.77362
1748.7219	970.18591
1750.3068	974.18378
1751.8916	954.55585
1753.4764	958.65558
1755.0614	974.00519
1756.6462	963.82172
1758.2311	968.95367
1759.8159	961.65222
1761.4009	958.90973
1762.9857	957.0155
1764.5706	961.40881
1766.1554	980.44989
1767.7402	968.62415
1769.3252	960.43079
1770.91	968.50952
1772.4949	967.68823
1774.0797	971.02838
1775.6647	957.17603
1777.2495	963.69434
1778.8344	967.185
1780.4192	952.62024
1782.0042	958.91949
1783.589	971.80621
1785.1738	976.69769
1786.7587	968.01196
1788.3435	975.32043
1789.9285	975.64166
1791.5133	971.48511
1793.0981	970.8949
1794.683	967.7843
1796.2679	974.40344
1797.8528	977.74286
1799.4376	961.60101
1801.0225	963.72089
1802.6074	968.27167
1804.1923	969.75677
1805.7771	972.052
1807.3619	968.36823
1808.9468	968.32031
1810.5317	974.20404
1812.1166	973.9765
1813.7014	972.51215
1815.2863	972.78998
1816.8712	973.18317
1818.4561	972.78467
1820.0409	961.71283
1821.6257	962.1687
1823.2107	967.56403
1824.7955	974.28247
1826.3804	979.0506
1827.9652	977.20508
1829.55	963.02875
1831.135	957.6604
1832.7198	974.43512
1834.3047	976.44116
1835.8895	973.97461
1837.4745	972.92401
1839.0593	968.94983
1840.6442	968.3559
1842.229	967.56519
1843.814	974.61774
1845.3988	980.49756
1846.9836	971.62775
1848.5685	970.87579
1850.1533	968.03717
1851.7383	977.34332
1853.3231	970.75519
1854.908	969.63342
1856.4928	976.35352
1858.0778	974.83997
1859.6626	966.36194
1861.2474	971.15662
1862.8323	970.69183
1864.4172	961.94464
1866.0021	964.32184
1867.5869	967.8432
1869.1718	980.03076
1870.7566	969.29224
1872.3416	965.28094
1873.9264	967.1438
1875.5112	977.52069
1877.0961	973.59857
1878.681	972.54272
1880.2659	965.99915
1881.8507	974.49384
1883.4355	971.19305
1885.0205	964.65759
1886.6053	976.63501
1888.1902	960.85724
1889.775	967.2309
1891.3599	965.58295
1892.9448	966.88049
1894.5297	979.8269
1896.1145	971.29291
1897.6993	964.22876
1899.2843	964.72058
1900.8691	974.32477
1902.454	978.20245
1904.0388	970.68109
1905.6238	965.2583
1907.2086	974.4668
1908.7935	970.39783
1910.3783	969.34247
1911.9631	973.87909
1913.5481	972.26666
1915.1329	971.98547
1916.7178	965.7702
1918.3026	975.01715
1919.8876	979.08612
1921.4724	980.13403
1923.0573	975.96246
1924.6421	979.14087
1926.2271	975.56335
1927.8119	984.29694
1929.3967	982.18298
1930.9816	976.89893
1932.5664	974.75903
1934.1514	967.29626
1935.7362	958.97552
1937.321	972.51196
1938.9059	978.5061
1940.4908	974.80713
1942.0757	973.72443
1943.6605	979.27704
1945.2454	972.15527
1946.8303	980.21863
1948.4152	981.19751
1950	968.68903
1951.5848	976.39154
1953.1697	978.44904
1954.7546	969.67145
1956.3395	968.17126
1957.9243	976.07062
1959.5092	975.61774
1961.0941	970.26758
1962.679	970.63391
1964.2638	981.82861
1965.8486	977.49127
1967.4336	979.14972
1969.0184	981.43951
1970.6033	978.96136
1972.1881	969.55188
1973.7729	964.85236
1975.3579	971.78491
1976.9427	976.72546
1978.5276	974.06512
1980.1124	970.48639
1981.6974	963.35944
1983.2822	964.46997
1984.8671	974.48071
1986.4519	982.66547
1988.0369	966.41803
1989.6217	962.39716
1991.2065	965.90179
1992.7914	970.40894
1994.3762	963.22577
1995.9612	963.91138
1997.546	969.85547
1999.1309	971.96069
2000.7157	964.83777
2002.3007	964.03748
2003.8855	970.67755
2005.4703	967.07635
2007.0552	968.58954
2008.6401	969.146
2010.225	963.83282
2011.8098	969.77899
2013.3947	969.52875
2014.9795	962.28607
2016.5645	971.66992
2018.1493	969.22644
2019.7341	957.15375
2021.319	969.48273
2022.9039	971.06952
2024.4888	967.64508
2026.0736	976.72296
2027.6584	973.75983
2029.2434	979.29932
2030.8282	977.66504
2032.4131	972.83478
2033.9979	982.04114
2035.5828	977.64771
2037.1677	984.24121
2038.7526	982.01489
2040.3374	968.69531
2041.9222	963.99091
2043.5072	971.45819
2045.092	973.55341
2046.6769	974.3125
2048.2617	973.09583
2049.8467	976.06848
2051.4314	969.62195
2053.0164	961.50458
2054.6013	977.34827
2056.186	966.03412
2057.771	967.20935
2059.3557	970.19281
2060.9407	973.67145
2062.5256	970.71667
2064.1104	968.84833
2065.6953	973.34296
2067.2803	983.71161
2068.865	981.95673
2070.45	969.80908
2072.0347	979.41357
2073.6196	980.52094
2075.2046	971.22858
2076.7893	978.65314
2078.3743	976.94806
2079.959	969.11804
2081.5439	957.66077
2083.1289	978.52496
2084.7136	974.61407
2086.2986	968.0799
2087.8835	974.97479
2089.4683	977.58704
2091.0532	976.36121
2092.6379	984.60779
2094.2229	986.00128
2095.8079	982.50629
2097.3926	986.0788
2098.9775	987.23846
2100.5623	981.20551
2102.1472	977.32629
2103.7322	973.23718
2105.3169	964.36743
2106.9019	973.95721
2108.4868	975.23749
2110.0715	974.94135
2111.6565	971.62933
2113.2412	980.22699
2114.8262	961.7934
2116.4111	971.93359
2117.9958	975.46332
2119.5808	987.70709
2121.1655	982.6438
2122.7505	979.46387
2124.3354	971.13507
2125.9202	984.81287
2127.5051	978.37482
2129.0901	973.48657
2130.6748	971.12585
2132.2598	974.67023
2133.8445	970.83527
2135.4294	974.47333
2137.0144	973.92511
2138.5991	975.85016
2140.1841	969.61694
2141.7688	969.7937
2143.3538	971.69904
2144.9387	977.46326
2146.5234	980.31049
2148.1084	976.91559
2149.6934	971.83844
2151.2781	979.21118
2152.863	978.98499
2154.4478	980.77716
2156.0327	988.00568
2157.6177	976.61047
2159.2024	971.08588
2160.7874	977.64233
2162.3721	980.95923
2163.957	987.40881
2165.542	969.61316
2167.1267	964.32068
2168.7117	969.82208
2170.2966	962.47748
2171.8813	959.29419
2173.4663	967.38141
2175.051	966.61267
2176.636	963.76428
2178.2209	958.7453
2179.8057	962.39636
2181.3906	971.73706
2182.9753	969.53125
2184.5603	966.79291
2186.1453	970.56384
2187.73	976.98126
2189.3149	969.41541
2190.8999	976.65765
2192.4846	972.96661
2194.0696	966.85522
2195.6543	969.73499
2197.2393	979.59863
2198.8242	973.17841
2200.4089	966.62659
2201.9939	966.28497
2203.5786	970.54114
2205.1636	973.58661
2206.7485	969.78192
2208.3333	971.76245
2209.9182	965.40326
2211.5032	972.06201
2213.0879	979.38721
2214.6729	971.68109
2216.2576	971.92804
2217.8425	963.71857
2219.4275	970.41364
2221.0122	982.78638
2222.5972	971.29742
2224.1819	983.10938
2225.7668	983.38135
2227.3518	983.16614
2228.9365	980.65643
2230.5215	973.4903
2232.1064	974.68439
2233.6912	965.12512
2235.2761	964.55322
2236.8608	976.43591
2238.4458	974.39221
2240.0308	984.27692
2241.6155	966.35425
2243.2004	977.79272
2244.7852	963.86963
2246.3701	972.44653
2247.9551	971.33533
2249.5398	969.2973
2251.1248	961.19299
2252.7097	972.15765
2254.2944	972.05988
2255.8794	976.83954
2257.4641	963.89746
2259.0491	970.7309
2260.634	972.10303
2262.2188	971.19531
2263.8037	979.4494
2265.3884	971.51312
2266.9734	967.48547
2268.5583	978.13464
2270.1431	966.43073
2271.728	974.00684
2273.313	975.66608
2274.8977	975.31018
2276.4827	982.89313
2278.0674	978.89429
2279.6523	965.69818
2281.2373	968.32446
2282.822	979.32654
2284.407	974.27142
2285.9917	983.34344
2287.5767	986.92273
2289.1616	977.13715
2290.7463	973.15613
2292.3313	973.11914
2293.9163	972.13391
2295.501	968.58502
2297.0859	972.28241
2298.6707	973.52216
2300.2556	970.448
2301.8406	970.61481
2303.4253	972.07819
2305.0103	983.03857
2306.595	970.14893
2308.1799	978.80682
2309.7649	982.40808
2311.3496	980.49048
2312.9346	973.5542
2314.5195	975.22412
2316.1042	970.34344
2317.6892	968.89618
2319.2739	979.4248
2320.8589	968.18066
2322.4438	976.60333
2324.0286	979.3092
2325.6135	981.14618
2327.1982	970.26477
2328.7832	972.07947
2330.3682	962.78577
2331.9529	969.31006
2333.5378	984.59131
2335.1228	970.11108
2336.7075	980.64685
2338.2925	972.90118
2339.8772	971.3714
2341.4622	974.396
2343.0471	976.29773
2344.6318	966.93066
2346.2168	974.5152
2347.8018	969.57263
2349.3865	974.72607
2350.9714	970.76385
2352.5562	961.5246
2354.1411	965.38672
2355.7261	976.3443
2357.3108	983.03394
2358.8958	977.5061
2360.4805	970.80322
2362.0654	978.20905
2363.6504	979.20319
2365.2351	973.18182
2366.8201	970.94037
2368.405	972.60132
2369.9897	964.54248
2371.5747	971.7594
2373.1594	970.96179
2374.7444	968.4386
2376.3293	974.01941
2377.9141	966.82788
2379.499	968.39172
2381.0837	979.54663
2382.6687	972.91754
2384.2537	972.24738
2385.8384	964.1261
2387.4233	968.95807
2389.0083	975.54419
2390.593	970.47119
2392.178	965.09711
2393.7627	967.65149
2395.3477	971.50146
2396.9326	956.37939
2398.5173	974.02606
2400.1023	972.83728
2401.687	968.34833
2403.272	971.59808
2404.8569	972.89423
2406.4417	963.83636
2408.0266	969.03918
2409.6116	969.21124
2411.1963	973.63843
2412.7813	966.36597
2414.366	964.91333
2415.9509	964.88654
2417.5359	966.64423
2419.1206	969.61725
2420.7056	960.63855
2422.2903	973.35858
2423.8752	968.29883
2425.4602	971.56274
2427.0449	963.65955
2428.6299	972.12787
2430.2148	980.86011
2431.7996	974.66663
2433.3845	966.32874
2434.9692	967.5697
2436.5542	955.74689
2438.1392	959.29224
2439.7239	954.40344
2441.3088	962.5567
2442.8936	961.97333
2444.4785	965.30817
2446.0635	971.35742
2447.6482	978.65472
2449.2332	956.49744
2450.8181	963.03375
2452.4028	971.90442
2453.9878	969.48816
2455.5725	955.03754
2457.1575	958.7464
2458.7424	958.84875
2460.3271	957.16821
2461.9121	970.12903
2463.4968	975.17242
2465.0818	966.43927
2466.6667	970.39124
2468.2515	964.44073
2469.8364	965.69543
2471.4214	972.28485
2473.0061	966.31104
2474.5911	959.05951
2476.1758	960.48822
2477.7607	970.41119
2479.3457	966.37714
2480.9304	973.45978
2482.5154	963.51282
2484.1001	972.86792
2485.6851	967.58252
2487.27	959.59973
2488.8547	964.31348
2490.4397	970.41553
2492.0247	962.92224
2493.6094	968.37915
2495.1943	969.07123
2496.7791	968.77368
2498.364	966.18121
2499.949	958.64734
2501.5337	952.3924
2503.1187	958.09869
2504.7034	965.77777
2506.2883	959.17255
2507.8733	951.79553
2509.458	958.2417
2511.043	967.3822
2512.6279	964.30853
2514.2126	964.32532
2515.7976	965.98895
2517.3823	958.34009
2518.9673	960.14832
2520.5522	967.32611
2522.137	959.10938
2523.7219	964.33112
2525.3066	967.17291
2526.8916	956.34973
2528.4766	961.12732
2530.0613	958.65326
2531.6462	965.32672
2533.2312	967.12659
2534.8159	968.51294
2536.4009	963.96448
2537.9856	948.92627
2539.5706	961.68976
2541.1555	957.73059
2542.7402	959.35309
2544.3252	960.31671
2545.9099	955.26666
2547.4949	947.53851
2549.0798	950.24591
2550.6646	962.01801
2552.2495	960.74609
2553.8345	959.78235
2555.4192	966.85492
2557.0042	957.43427
2558.5889	953.66632
2560.1738	963.9765
2561.7588	954.26349
2563.3435	953.31836
2564.9285	958.44861
2566.5132	952.02478
2568.0981	956.23224
2569.6831	952.40338
2571.2678	957.4035
2572.8528	957.76971
2574.4377	954.83136
2576.0225	955.87958
2577.6074	953.12885
2579.1921	946.33417
2580.7771	951.96021
2582.3621	950.1579
2583.9468	959.51752
2585.5317	958.67029
2587.1165	954.64624
2588.7014	965.31104
2590.2864	956.37628
2591.8711	955.3985
2593.4561	958.35211
2595.041	954.14789
2596.6257	948.77002
2598.2107	957.71216
2599.7954	948.27588
2601.3804	949.62683
2602.9653	948.94153
2604.55	951.84747
2606.135	951.13489
2607.7197	950.08649
2609.3047	946.54468
2610.8896	944.4035
2612.4744	957.54486
2614.0593	956.38135
2615.6443	951.40686
2617.229	956.31244
2618.814	954.81354
2620.3987	945.1665
2621.9836	939.57916
2623.5686	947.41144
2625.1533	952.00732
2626.7383	959.40289
2628.323	954.94061
2629.908	953.29565
2631.4929	948.17554
2633.0776	945.54779
2634.6626	952.10675
2636.2476	951.12109
2637.8323	950.96851
2639.4172	939.42822
2641.002	945.99695
2642.5869	958.47473
2644.1719	962.11047
2645.7566	949.8938
2647.3416	945.93622
2648.9263	955.21216
2650.5112	952.3797
2652.0962	946.32587
2653.6809	938.09711
2655.2659	941.62854
2656.8508	939.56915
2658.4355	953.41913
2660.0205	949.69379
2661.6052	944.74371
2663.1902	957.64026
2664.7751	965.77832
2666.3599	941.55481
2667.9448	940.93195
2669.5295	950.68378
2671.1145	946.57166
2672.6995	941.1394
2674.2842	937.70465
2675.8691	929.83398
2677.4541	941.75958
2679.0388	945.94916
2680.6238	950.53882
2682.2085	945.45142
2683.7935	938.19037
2685.3784	936.76782
2686.9631	948.11115
2688.5481	942.15045
2690.1328	943.14136
2691.7178	939.71368
2693.3027	942.07318
2694.8875	935.27325
2696.4724	943.38654
2698.0574	944.17456
2699.6421	940.33093
2701.2271	931.61041
2702.8118	933.78503
2704.3967	934.65442
2705.9817	941.9917
2707.5664	935.30023
2709.1514	929.89294
2710.7361	937.13843
2712.321	945.77734
2713.906	932.92267
2715.4907	945.98755
2717.0757	942.00879
2718.6606	930.28839
2720.2454	936.841
2721.8303	946.59985
2723.415	931.2489
2725	929.40607
2726.585	933.05731
2728.1697	935.22357
2729.7546	939.5733
2731.3394	943.16974
2732.9243	942.09363
2734.5093	943.95746
2736.094	933.61108
2737.679	934.1676
2739.2639	944.24738
2740.8486	940.94458
2742.4336	938.22797
2744.0183	940.96844
2745.6033	933.64246
2747.1882	930.45428
2748.7729	942.27527
2750.3579	936.2774
2751.9426	930.6745
2753.5276	918.78833
2755.1125	932.90961
2756.6973	932.66998
2758.2822	934.33972
2759.8672	939.38129
2761.4519	925.7785
2763.0369	930.35931
2764.6216	940.31238
2766.2065	935.86633
2767.7915	940.33972
2769.3762	931.74146
2770.9612	928.84009
2772.5459	927.81848
2774.1309	927.39642
2775.7158	931.87549
2777.3005	930.46686
2778.8855	936.09656
2780.4705	933.09973
2782.0552	929.01489
2783.6401	928.05072
2785.2249	932.93195
2786.8098	929.19043
2788.3948	924.62433
2789.9795	929.3515
2791.5645	928.84875
2793.1492	941.05322
2794.7341	938.72473
2796.3191	925.16223
2797.9038	932.11755
2799.4888	918.93304
2801.0737	925.48895
2802.6584	933.66266
2804.2434	940.02026
2805.8281	923.60748
2807.4131	922.61902
2808.998	936.14801
2810.5828	925.54474
2812.1677	934.51312
2813.7524	928.49872
2815.3374	934.76831
2816.9224	925.49963
2818.5071	926.17908
2820.092	925.67859
2821.677	921.18713
2823.2617	915.66663
2824.8467	921.74786
2826.4314	930.83838
2828.0164	931.96002
2829.6013	929.85266
2831.186	926.36548
2832.771	924.74689
2834.3557	923.28516
2835.9407	927.57178
2837.5256	920.36505
2839.1104	920.12079
2840.6953	918.84656
2842.2803	924.81671
2843.865	928.40155
2845.45	917.61871
2847.0347	920.45728
2848.6196	918.54962
2850.2046	932.76862
2851.7893	929.13574
2853.3743	922.74286
2854.959	923.57941
2856.5439	920.54126
2858.1289	930.42664
2859.7136	915.77173
2861.2986	919.64917
2862.8835	919.86078
2864.4683	921.69904
2866.0532	923.60254
2867.6379	915.16431
2869.2229	917.13611
2870.8079	923.44073
2872.3926	921.52124
2873.9775	913.25214
2875.5623	922.38702
2877.1472	925.3501
2878.7322	926.01135
2880.3169	917.71716
2881.9019	918.08289
2883.4868	916.69934
2885.0715	914.0246
2886.6565	911.75031
2888.2412	909.91968
2889.8262	909.02448
2891.4111	918.70386
2892.9958	923.35828
2894.5808	918.79474
2896.1655	916.72034
2897.7505	916.55737
2899.3354	921.28754
2900.9202	915.65411
2902.5051	914.00311
2904.0901	911.45422
2905.6748	909.15625
2907.2598	917.84827
2908.8445	913.35706
2910.4294	909.47235
2912.0144	918.59119
2913.5991	915.32452
2915.1841	905.81683
2916.7688	911.18201
2918.3538	916.00989
2919.9387	913.81396
2921.5234	900.96033
2923.1084	908.47601
2924.6934	913.40747
2926.2781	911.97943
2927.863	912.77979
2929.4478	905.38959
2931.0327	907.12439
2932.6177	910.26178
2934.2024	918.27917
2935.7874	904.33276
2937.3721	911.383
2938.957	906.151
2940.542	917.36267
2942.1267	909.62854
2943.7117	911.70422
2945.2966	917.13025
2946.8813	903.80908
2948.4663	907.84558
2950.051	911.28638
2951.636	908.65826
2953.2209	906.92206
2954.8057	908.53662
2956.3906	905.51361
2957.9753	915.40302
2959.5603	917.32611
2961.1453	916.02814
2962.73	906.83319
2964.3149	913.27045
2965.8999	916.71863
2967.4846	904.47797
2969.0696	905.26917
2970.6543	910.09735
2972.2393	908.98724
2973.8242	909.48767
2975.4089	912.7489
2976.9939	912.56134
2978.5786	908.71649
2980.1636	915.59894
2981.7485	901.89209
2983.3333	905.05927
2984.9182	908.49823
2986.5032	904.02545
2988.0879	905.33502
2989.6729	904.61078
2991.2576	901.31042
2992.8425	899.91162
2994.4275	902.11682
2996.0122	899.09576
2997.5972	905.13354
2999.1819	903.65607
3000.7668	908.14288
3002.3518	908.1546
3003.9365	903.1051
3005.5215	906.08398
3007.1064	900.43213
3008.6912	902.33966
3010.2761	900.6449
3011.8608	901.83844
3013.4458	897.23737
3015.0308	901.00452
3016.6155	900.72083
3018.2004	908.19678
3019.7852	907.84094
3021.3701	903.07208
3022.9551	904.75989
3024.5398	907.59174
3026.1248	907.01733
3027.7097	908.03821
3029.2944	906.63055
3030.8794	909.69702
3032.4641	908.82922
3034.0491	898.80072
3035.634	910.09277
3037.2188	909.50836
3038.8037	901.93964
3040.3884	901.58533
3041.9734	904.27722
3043.5583	910.01672
3045.1431	896.54388
3046.728	896.82269
3048.313	913.03674
3049.8977	906.87177
3051.4827	909.85406
3053.0674	899.4245
3054.6523	910.52155
3056.2373	909.67468
3057.822	914.94897
3059.407	917.01129
3060.9917	918.53265
3062.5767	938.4953
3064.1616	923.02838
3065.7463	921.10846
3067.3313	920.46082
3068.9163	932.72522
3070.501	923.99988
3072.0859	927.98981
3073.6707	924.84344
3075.2556	927.13586
3076.8406	923.66907
3078.4253	922.56042
3080.0103	920.73523
3081.595	914.47375
3083.1799	919.06274
3084.7649	910.79999
3086.3496	906.57574
3087.9346	909.2254
3089.5195	899.47949
3091.1042	910.12018
3092.6892	907.9278
3094.2739	895.88403
3095.8589	898.76727
3097.4438	896.46008
3099.0286	907.38708
3100.6135	899.07996
3102.1982	895.36261
3103.7832	887.79602
3105.3682	891.99237
3106.9529	906.77734
3108.5378	924.65173
3110.1228	989.86005
3111.7075	904.72211
3113.2925	901.60419
3114.8772	903.90491
3116.4622	894.5257
3118.0471	892.92017
3119.6318	893.18439
3121.2168	898.5144
3122.8018	896.79456
3124.3865	898.23077
3125.9714	896.30914
3127.5562	901.48053
3129.1411	900.46112
3130.7261	887.99548
3132.3108	896.30444
3133.8958	890.53088
3135.4805	899.91449
3137.0654	898.91223
3138.6504	896.87305
3140.2351	904.14636
3141.8201	892.4184
3143.405	901.23267
3144.9897	893.0874
3146.5747	887.26556
3148.1594	886.54333
3149.7444	890.56927
3151.3293	896.05536
3152.9141	895.56592
3154.499	888.79578
3156.0837	903.86713
3157.6687	887.86194
3159.2537	900.55048
3160.8384	891.88794
3162.4233	896.59875
3164.0083	890.67242
3165.593	884.32935
3167.178	891.55096
3168.7627	904.54321
3170.3477	887.81769
3171.9326	885.76392
3173.5173	892.15417
3175.1023	889.22925
3176.687	888.17572
3178.272	894.71863
3179.8569	888.00763
3181.4417	891.1626
3183.0266	895.62885
3184.6116	893.91779
3186.1963	893.95172
3187.7813	892.08191
3189.366	884.42767
3190.9509	888.7309
3192.5359	884.54272
3194.1206	884.5307
3195.7056	883.43201
3197.2903	884.75879
3198.8752	890.18756
3200.4602	886.01453
3202.0449	885.65558
3203.6299	878.86646
3205.2148	894.97034
3206.7996	887.97089
3208.3845	881.89746
3209.9692	889.36157
3211.5542	884.93292
3213.1392	881.76575
3214.7239	887.58289
3216.3088	879.06982
3217.8936	876.83398
3219.4785	875.86639
3221.0635	885.92896
3222.6482	887.48022
3224.2332	893.979
3225.8181	888.06671
3227.4028	881.78528
3228.9878	879.43469
3230.5725	885.44214
3232.1575	889.07916
3233.7424	885.41327
3235.3271	885.8797
3236.9121	880.10901
3238.4968	879.39117
3240.0818	882.73895
3241.6667	875.45105
3243.2515	882.30737
3244.8364	882.18018
3246.4214	881.13269
3248.0061	884.5824
3249.5911	878.83179
3251.1758	878.50146
3252.7607	879.42108
3254.3457	871.76923
3255.9304	879.83026
3257.5154	879.28027
3259.1001	881.85132
3260.6851	882.37201
3262.27	884.34564
3263.8547	874.94641
3265.4397	875.90173
3267.0247	873.87006
3268.6094	883.19476
3270.1943	885.68646
3271.7791	879.81464
3273.364	875.16302
3274.949	879.47137
3276.5337	879.29272
3278.1187	884.61688
3279.7034	880.52936
3281.2883	873.00763
3282.8733	875.42743
3284.458	880.112
3286.043	876.04224
3287.6279	881.29016
3289.2126	869.34564
3290.7976	880.77802
3292.3823	890.18427
3293.9673	872.04034
3295.5522	874.8432
3297.137	872.37225
3298.7219	876.92163
3300.3066	876.21161
3301.8916	874.3089
3303.4766	870.43774
3305.0613	875.49292
3306.6462	868.94025
3308.2312	881.63361
3309.8159	877.547
3311.4009	871.89484
3312.9856	868.84802
3314.5706	879.61139
3316.1555	876.9798
3317.7402	877.55408
3319.3252	869.73151
3320.9099	873.18304
3322.4949	880.98206
3324.0798	870.11273
3325.6646	873.7558
3327.2495	876.86176
3328.8345	873.52039
3330.4192	869.69427
3332.0042	870.21942
3333.5889	872.29926
3335.1738	873.69751
3336.7588	879.63025
3338.3435	1018.3741
3339.9285	917.56665
3341.5132	881.44867
3343.0981	876.55621
3344.6831	875.73315
3346.2678	871.3161
3347.8528	876.12238
3349.4377	870.75714
3351.0225	865.98395
3352.6074	871.9046
3354.1921	862.11676
3355.7771	876.3938
3357.3621	870.83716
3358.9468	858.60785
3360.5317	868.22589
3362.1165	872.95471
3363.7014	870.61639
3365.2864	871.96783
3366.8711	869.01666
3368.4561	866.44769
3370.041	877.00909
3371.6257	866.13232
3373.2107	874.70648
3374.7954	865.77209
3376.3804	863.07758
3377.9653	871.35919
3379.55	869.44653
3381.135	869.91083
3382.7197	866.98932
3384.3047	869.44495
3385.8896	867.44812
3387.4744	867.33508
3389.0593	874.15863
3390.6443	865.96442
3392.229	858.79291
3393.814	869.40497
3395.3987	864.54974
3396.9836	865.39471
3398.5686	857.73315
3400.1533	867.63385
3401.7383	863.72906
3403.323	862.59796
3404.908	860.638
3406.4929	870.9278
3408.0776	864.26007
3409.6626	863.422
3411.2476	871.2851
3412.8323	856.60016
3414.4172	862.40118
3416.002	866.56702
3417.5869	863.74969
3419.1719	860.86804
3420.7566	864.27167
3422.3416	867.9024
3423.9263	860.16724
3425.5112	860.08301
3427.0962	863.51971
3428.6809	869.12213
3430.2659	864.56403
3431.8508	856.91925
3433.4355	863.51105
3435.0205	859.03467
3436.6052	861.25763
3438.1902	859.2821
3439.7751	853.31732
3441.3599	854.17828
3442.9448	855.03528
3444.5295	859.34631
3446.1145	862.68097
3447.6995	855.65417
3449.2842	855.41339
3450.8691	853.92749
3452.4541	854.58344
3454.0388	855.90167
3455.6238	859.63483
3457.2085	859.59302
3458.7935	854.09741
3460.3784	844.07306
3461.9631	853.46338
3463.5481	850.45972
3465.1328	850.25842
3466.7178	852.73315
3468.3027	847.5343
3469.8875	846.50391
3471.4724	850.80621
3473.0574	857.72424
3474.6421	854.11151
3476.2271	851.86029
3477.8118	847.07538
3479.3967	848.85883
3480.9817	854.52136
3482.5664	853.78351
3484.1514	853.02136
3485.7361	857.57495
3487.321	856.80652
3488.906	847.91919
3490.4907	846.77893
3492.0757	856.61304
3493.6606	850.90436
3495.2454	853.19812
3496.8303	853.94263
3498.415	854.38953
3500	845.41779
