400	1051.6011
401.58487	1048.3557
403.16974	1053.2606
404.75461	1052.2838
406.33948	1049.0034
407.92435	1051.4182
409.50922	1060.9377
411.09406	1053.2913
412.67892	1046.0815
414.26379	1043.5076
415.84866	1042.7959
417.43353	1048.5302
419.0184	1045.6752
420.60327	1050.9644
422.18814	1041.3318
423.77301	1044.9778
425.35788	1058.6669
426.94275	1052.0883
428.52762	1055.9811
430.11249	1066.6613
431.69733	1070.6162
433.2822	1062.2443
434.86707	1051.0616
436.45193	1050.2096
438.0368	1063.8708
439.62167	1045.6921
441.20654	1048.7101
442.79141	1060.9047
444.37628	1052.4656
445.96115	1046.598
447.54602	1056.26
449.13089	1052.0928
450.71576	1045.5881
452.30063	1046.8412
453.88547	1044.7029
455.47034	1051.674
457.05521	1054.3152
458.64008	1050.093
460.22495	1049.839
461.80981	1043.1294
463.39468	1045.3943
464.97955	1055.8077
466.56442	1057.3026
468.14929	1060.4293
469.73416	1046.7203
471.31903	1046.3724
472.9039	1041.1168
474.48874	1041.7437
476.07361	1042.8418
477.65848	1041.0447
479.24335	1052.1002
480.82822	1051.7787
482.41309	1045.0968
483.99796	1056.9764
485.58282	1057.4249
487.16769	1055.2393
488.75256	1052.5178
490.33743	1045.2056
491.9223	1051.7745
493.50717	1052.182
495.09201	1055.5326
496.67688	1050.1481
498.26175	1053.2932
499.84662	1047.6731
501.43149	1043.5535
503.01636	1056.6857
504.60123	1059.3933
506.1861	1052.6982
507.77097	1055.307
509.35583	1063.2224
510.9407	1067.0695
512.52557	1066.3162
514.11041	1053.7203
515.69531	1059.22
517.28015	1065.9351
518.86505	1055.1526
520.44989	1046.056
522.03479	1050.3528
523.61963	1061.504
525.20453	1054.8668
526.78937	1055.8788
528.37421	1054.0707
529.95911	1053.6003
531.54395	1053.7036
533.12885	1056.7783
534.71368	1066.0098
536.29858	1057.4994
537.88342	1055.1857
539.46832	1054.5759
541.05316	1053.7119
542.63806	1049.2742
544.2229	1054.0297
545.8078	1051.2169
547.39264	1044.3218
548.97748	1057.9596
550.56238	1058.9697
552.14722	1052.5146
553.73212	1045.594
555.31696	1046.6316
556.90186	1048.2677
558.48669	1049.52
560.07159	1058.0164
561.65643	1056.4147
563.24133	1051.1571
564.82617	1052.4108
566.41107	1063.5457
567.99591	1057.786
569.58075	1047.2269
571.16565	1049.3456
572.75049	1056.2478
574.33539	1062.9783
575.92023	1057.3417
577.50513	1046.2214
579.08997	1058.3326
580.67487	1048.1824
582.2597	1050.8499
583.8446	1058.8848
585.42944	1067.0472
587.01434	1065.3741
588.59918	1061.8025
590.18402	1054.2101
591.76892	1058.928
593.35376	1063.7041
594.93866	1063.7859
596.5235	1054.3131
598.1084	1059.2024
599.69324	1059.0808
601.27814	1051.2985
602.86298	1046.426
604.44788	1053.1212
606.03271	1058.2084
607.61761	1056.0895
609.20245	1056.5836
610.78729	1060.3818
612.37219	1064.4617
613.95703	1063.1338
615.54193	1059.401
617.12677	1058.6151
618.71167	1054.4132
620.29651	1054.7144
621.88141	1049.3779
623.46625	1059.8932
625.05115	1065.9789
626.63599	1066.2203
628.22089	1056.0142
629.80573	1056.5898
631.39056	1061.6307
632.97546	1053.7577
634.5603	1064.2181
636.1452	1057.2455
637.73004	1054.3284
639.31494	1054.9489
640.89978	1052.8606
642.48468	1056.808
644.06952	1062.5111
645.65442	1060.6223
647.23926	1064.58
648.82416	1053.7056
650.409	1053.8846
651.99384	1064.7157
653.57874	1061.7203
655.16357	1041.9374
656.74847	1046.6599
658.33331	1053.8461
659.91821	1043.9259
661.50305	1042.8416
663.08795	1047.9585
664.67279	1066.5018
666.25769	1058.2552
667.84253	1048.481
669.42743	1061.3633
671.01227	1059.6753
672.59711	1057.9159
674.18201	1059.5256
675.76685	1060.6008
677.35175	1057.0178
678.93658	1060.0493
680.52148	1065.4679
682.10632	1059.217
683.69122	1062.0546
685.27606	1063.6034
686.86096	1045.8417
688.4458	1054.6571
690.0307	1059.1428
691.61554	1054.4486
693.20044	1057.7051
694.78528	1050.1255
696.37012	1053.6182
697.95502	1055.8334
699.53986	1067.6552
701.12476	1066.5768
702.70959	1063.0195
704.29449	1047.3693
705.87933	1044.7037
707.46423	1049.5281
709.04907	1049.8971
710.63397	1062.2867
712.21881	1062.9904
713.80371	1048.1146
715.38855	1035.3785
716.97339	1042.4661
718.55829	1053.7551
720.14313	1046.6417
721.72803	1047.2249
723.31287	1050.1182
724.89777	1059.4999
726.4826	1046.6682
728.0675	1042.9634
729.65234	1044.1715
731.23724	1055.1777
732.82208	1058.4744
734.40698	1057.7024
735.99182	1051.8468
737.57666	1046.7821
739.16156	1054.0161
740.7464	1042.4917
742.3313	1042.1268
743.91614	1046.1133
745.50104	1040.361
747.08588	1054.397
748.67078	1051.9692
750.25562	1050.9691
751.84052	1054.8287
753.42535	1063.6937
755.01025	1066.837
756.59509	1047.3732
758.17993	1051.738
759.76483	1060.7517
761.34967	1061.5421
762.93457	1057.6201
764.51941	1068.3326
766.10431	1065.9329
767.68915	1056.8096
769.27405	1066.2797
770.85889	1061.301
772.44379	1061.9478
774.02863	1052.3621
775.61353	1063.5139
777.19836	1072.851
778.7832	1070.8246
780.3681	1060.2976
781.95294	1059.4351
783.53784	1064.2428
785.12268	1063.058
786.70758	1060.0118
788.29242	1068.5509
789.87732	1063.84
791.46216	1071.3911
793.04706	1061.5967
794.6319	1055.0118
796.2168	1066.7273
797.80164	1074.8063
799.38647	1059.9025
800.97137	1066.9755
802.55621	1063.0668
804.14111	1059.1885
805.72595	1065.2646
807.31085	1053.5095
808.89569	1060.7002
810.48059	1063.704
812.06543	1060.1329
813.65033	1056.0298
815.23517	1063.5055
816.82007	1051.5552
818.40491	1064.6543
819.98975	1058.201
821.57465	1050.2472
823.15948	1057.049
824.74438	1066.5393
826.32922	1063.9919
827.91412	1051.408
829.49896	1054.4479
831.08386	1064.3447
832.6687	1057.2201
834.2536	1054.2747
835.83844	1066.443
837.42334	1052.9156
839.00818	1059.7686
840.59302	1071.9133
842.17792	1059.5911
843.76276	1057.2245
845.34766	1060.2517
846.9325	1067.3293
848.5174	1072.9271
850.10223	1071.2759
851.68713	1069.7012
853.27197	1066.5609
854.85687	1064.2932
856.44171	1062.042
858.02661	1068.6377
859.61145	1062.5253
861.19629	1055.6917
862.78119	1064.3127
864.36603	1074.5488
865.95093	1078.5369
867.53577	1072.1898
869.12067	1067.1887
870.70551	1058.4426
872.29041	1065.0781
873.87524	1072.1752
875.46014	1062.8856
877.04498	1053.5262
878.62988	1063.4303
880.21472	1060.9078
881.79956	1070.1544
883.38446	1072.0564
884.9693	1070.9097
886.5542	1069.4818
888.13904	1057.2061
889.72394	1056.9789
891.30878	1067.99
892.89368	1062.755
894.47852	1065.2661
896.06342	1060.3785
897.64825	1057.6687
899.23315	1064.3582
900.81799	1070.8441
902.40289	1070.3768
903.98773	1067.1709
905.57257	1064.765
907.15747	1060.9218
908.74231	1063.8766
910.32721	1062.7788
911.91205	1060.5474
913.49695	1071.0205
915.08179	1063.3187
916.66669	1064.7255
918.25153	1076.0166
919.83643	1075.2043
921.42126	1071.3556
923.00616	1075.6487
924.591	1067.7493
926.17584	1070.2632
927.76074	1076.1294
929.34558	1063.861
930.93048	1074.6342
932.51532	1074.2567
934.10022	1063.1926
935.68506	1070.3909
937.26996	1074.0344
938.8548	1067.8341
940.4397	1070.974
942.02454	1073.5503
943.60944	1070.1866
945.19427	1064.3745
946.77911	1070.2097
948.36401	1059.588
949.94885	1065.0236
951.53375	1077.333
953.11859	1072.0278
954.70349	1079.4172
956.28833	1079.6527
957.87323	1077.6713
959.45807	1083.9373
961.04297	1073.1532
962.62781	1081.4031
964.21271	1086.2932
965.79755	1077.0336
967.38239	1075.7664
968.96729	1078.0535
970.55212	1081.6091
972.13702	1079.3286
973.72186	1081.1827
975.30676	1084.125
976.8916	1088.5233
978.4765	1086.4277
980.06134	1077.1735
981.64624	1073.0919
983.23108	1087.5157
984.81598	1076.4515
986.40082	1080.0856
987.98566	1090.8468
989.57056	1098.3628
991.1554	1098.8243
992.7403	1093.2992
994.32513	1090.3894
995.91003	1089.6512
997.49487	1096.286
999.07977	1101.7501
1000.6646	1090.1554
1002.2495	1093.1862
1003.8344	1092.672
1005.4193	1077.9219
1007.0041	1084.5607
1008.5889	1096.5558
1010.1738	1098.031
1011.7587	1093.4467
1013.3436	1098.5916
1014.9284	1086.4199
1016.5133	1088.1074
1018.0981	1092.4468
1019.683	1079.3885
1021.2679	1089.0682
1022.8528	1094.2521
1024.4376	1090.0024
1026.0225	1098.0281
1027.6074	1094.4491
1029.1923	1098.1528
1030.7771	1081.7136
1032.3619	1083.0374
1033.9468	1092.0692
1035.5317	1088.8282
1037.1166	1097.1426
1038.7014	1096.5164
1040.2863	1107.4816
1041.8712	1094.6222
1043.4561	1097.6637
1045.0409	1102.9423
1046.6257	1090.4855
1048.2107	1090.8623
1049.7955	1093.7637
1051.3804	1091.5367
1052.9652	1085.6437
1054.55	1087.7509
1056.135	1079.0604
1057.7198	1087.2386
1059.3047	1098.6554
1060.8895	1088.511
1062.4745	1093.3247
1064.0593	1096.0653
1065.6442	1092.7595
1067.229	1090.3407
1068.814	1093.3662
1070.3988	1096.5399
1071.9836	1096.5664
1073.5685	1100.795
1075.1533	1090.2579
1076.7383	1085.74
1078.3231	1083.5931
1079.908	1099.9957
1081.4928	1097.1357
1083.0778	1082.4393
1084.6626	1078.4124
1086.2474	1092.2335
1087.8323	1094.2454
1089.4172	1096.408
1091.0021	1084.8901
1092.5869	1082.3459
1094.1718	1087.2469
1095.7566	1080.9297
1097.3416	1086.9769
1098.9264	1086.266
1100.5112	1081.4685
1102.0961	1081.7429
1103.681	1090.3384
1105.2659	1084.8516
1106.8507	1074.7043
1108.4355	1082.2047
1110.0205	1076.697
1111.6053	1090.3795
1113.1902	1103.4321
1114.775	1130.6776
1116.3599	1166.7384
1117.9448	1208.9277
1119.5297	1211.119
1121.1145	1186.5605
1122.6993	1153.3491
1124.2843	1117.2488
1125.8691	1092.8188
1127.454	1081.6754
1129.0388	1079.7924
1130.6238	1076.2854
1132.2086	1073.9523
1133.7935	1084.1058
1135.3783	1078.4248
1136.9631	1074.4554
1138.5481	1076.4857
1140.1329	1080.4501
1141.7178	1085.2356
1143.3026	1085.9708
1144.8876	1078.5411
1146.4724	1085.7694
1148.0573	1090.3887
1149.6421	1083.1104
1151.2271	1090.3544
1152.8119	1082.2119
1154.3967	1081.15
1155.9816	1078.984
1157.5664	1086.1699
1159.1514	1084.8412
1160.7362	1088.3159
1162.321	1082.5596
1163.9059	1086.2206
1165.4908	1098.8855
1167.0757	1099.636
1168.6605	1083.3568
1170.2454	1070.2964
1171.8303	1081.2642
1173.4152	1088.5553
1175	1079.74
1176.5848	1089.0404
1178.1697	1092.2671
1179.7546	1086.9268
1181.3395	1078.5347
1182.9243	1092.4996
1184.5092	1093.7019
1186.0941	1095.3519
1187.679	1091.2379
1189.2638	1089.0363
1190.8486	1098.0713
1192.4336	1099.3182
1194.0184	1100.1887
1195.6033	1096.2548
1197.1881	1094.0662
1198.7729	1089.2601
1200.3579	1084.3584
1201.9427	1094.6101
1203.5276	1083.5872
1205.1124	1081.4957
1206.6974	1088.9921
1208.2822	1098.5908
1209.8671	1100.8228
1211.4519	1093.5663
1213.0369	1086.1348
1214.6217	1091.4774
1216.2065	1102.3275
1217.7914	1096.2651
1219.3762	1100.3207
1220.9612	1090.412
1222.546	1084.6587
1224.1309	1093.6752
1225.7157	1092.7834
1227.3007	1088.0265
1228.8855	1099.5629
1230.4703	1095.7075
1232.0552	1098.6176
1233.6401	1089.9098
1235.225	1087.8685
1236.8098	1097.5825
1238.3947	1085.4844
1239.9795	1093.3348
1241.5645	1085.6377
1243.1493	1095.5037
1244.7341	1086.9252
1246.319	1089.1851
1247.9039	1081.2203
1249.4888	1083.3293
1251.0736	1082.8033
1252.6584	1093.1147
1254.2434	1085.9558
1255.8282	1088.0487
1257.4131	1080.3202
1258.9979	1086.1738
1260.5828	1090.0194
1262.1677	1091.0599
1263.7526	1096.012
1265.3374	1097.0154
1266.9222	1080.2185
1268.5072	1097.8566
1270.092	1086.4846
1271.6769	1090.3969
1273.2617	1102.6362
1274.8467	1085.4884
1276.4315	1082.9945
1278.0164	1096.3787
1279.6012	1089.9645
1281.186	1088.9589
1282.771	1104.6909
1284.3558	1093.5009
1285.9407	1087.9659
1287.5255	1096.7969
1289.1105	1094.5598
1290.6953	1105.142
1292.2802	1105.9943
1293.865	1227.8812
1295.45	1195.4124
1297.0348	1114.7938
1298.6196	1094.9354
1300.2045	1088.9797
1301.7893	1094.8151
1303.3743	1094.3384
1304.9591	1104.7433
1306.5439	1093.7799
1308.1288	1101.3453
1309.7137	1102.6298
1311.2986	1108.1581
1312.8834	1084.72
1314.4683	1091.8674
1316.0532	1095.3954
1317.6381	1087.3708
1319.2229	1106.1903
1320.8077	1105.5454
1322.3926	1097.719
1323.9775	1109.7755
1325.5624	1100.2501
1327.1472	1097.0004
1328.7321	1091.4272
1330.317	1094.1116
1331.9019	1093.4679
1333.4867	1094.0074
1335.0715	1103.3351
1336.6565	1096.1261
1338.2413	1095.6021
1339.8262	1099.9169
1341.411	1096.2551
1342.9958	1104.0231
1344.5808	1092.7559
1346.1656	1084.011
1347.7505	1093.7225
1349.3353	1095.3848
1350.9203	1108.7032
1352.5051	2225.5117
1354.09	2806.1257
1355.6748	1952.0532
1357.2598	1135.4187
1358.8446	1105.2426
1360.4294	1095.7488
1362.0143	1105.256
1363.5991	1099.5272
1365.1841	1088.4211
1366.7689	1106.1642
1368.3538	1095.6848
1369.9386	1096.4504
1371.5236	1103.0414
1373.1084	1104.0771
1374.6932	1104.0474
1376.2781	1095.6038
1377.863	1088.3513
1379.4479	1104.1273
1381.0327	1107.8324
1382.6176	1133.2964
1384.2025	1269.7622
1385.7874	1488.1638
1387.3722	1099.7195
1388.957	1094.5262
1390.5419	1099.5959
1392.1268	1100.8776
1393.7117	1102.8918
1395.2965	1105.5371
1396.8813	1103.941
1398.4663	1102.728
1400.0511	1105.0579
1401.636	1104.7642
1403.2208	1104.7877
1404.8058	1109.0658
1406.3906	1101.8529
1407.9755	1103.2083
1409.5603	1114.9763
1411.1451	1107.1198
1412.7301	1113.6245
1414.3149	1109.1431
1415.8998	1109.7727
1417.4846	1103.2876
1419.0696	1098.624
1420.6544	1098.182
1422.2393	1093.3026
1423.8241	1097.9769
1425.4091	1099.2651
1426.9939	1096.5046
1428.5787	1096.9392
1430.1636	1105.3375
1431.7484	1104.9037
1433.3334	1094.4728
1434.9182	1095.4152
1436.5031	1098.9929
1438.0879	1100.0481
1439.6729	1107.3042
1441.2577	1101.5746
1442.8425	1155.552
1444.4274	1163.4763
1446.0123	1103.0032
1447.5972	1102.8419
1449.182	1105.3872
1450.7668	1096.7202
1452.3517	1090.6633
1453.9366	1101.6858
1455.5215	1101.0032
1457.1063	1096.1914
1458.6912	1104.166
1460.2761	1097.0668
1461.861	1104.5399
1463.4458	1095.1891
1465.0306	1099.4326
1466.6156	1100.728
1468.2004	1109.3463
1469.7853	1103.752
1471.3701	1105.4437
1472.955	1092.9025
1474.5399	1095.0166
1476.1248	1098.5623
1477.7096	1106.3329
1479.2944	1098.8549
1480.8794	1099.2524
1482.4642	1098.5549
1484.0491	1101.9434
1485.6339	1093.1709
1487.2189	1093.3788
1488.8037	1093.1716
1490.3885	1102.9121
1491.9734	1099.7462
1493.5582	1096.5707
1495.1432	1094.4442
1496.728	1095.6151
1498.3129	1098.3036
1499.8977	1097.4561
1501.4827	1104.5619
1503.0675	1119.7318
1504.6523	1110.9078
1506.2372	1102.3688
1507.8221	1101.0083
1509.407	1100.4376
1510.9918	1098.63
1512.5767	1112.7399
1514.1615	1109.1713
1515.7465	1103.0706
1517.3313	1114.1803
1518.9161	1111.4066
1520.501	1110.1725
1522.0859	1104.1198
1523.6708	1121.2571
1525.2556	1105.8251
1526.8405	1097.8
1528.4254	1102.063
1530.0103	1112.2957
1531.5951	1100.7236
1533.1799	1088.3026
1534.7648	1098.0111
1536.3497	1115.2396
1537.9346	1102.3599
1539.5194	1104.0847
1541.1042	1100.7423
1542.6892	1098.8746
1544.274	1112.1771
1545.8589	1108.787
1547.4437	1097.7389
1549.0287	1119.5906
1550.6135	1110.6105
1552.1984	1106.0537
1553.7832	1141.1526
1555.368	1131.2924
1556.953	1116.7374
1558.5378	1110.7465
1560.1227	1109.347
1561.7075	1108.959
1563.2925	1109.525
1564.8773	1104.6158
1566.4622	1102.4297
1568.047	1105.1473
1569.632	1117.8644
1571.2168	1112.8716
1572.8016	1115.4907
1574.3865	1108.5443
1575.9713	1104.9199
1577.5563	1112.1526
1579.1411	1116.9659
1580.726	1101.08
1582.3108	1105.2805
1583.8958	1104.6731
1585.4806	1106.6919
1587.0654	1106.4836
1588.6503	1104.853
1590.2352	1110.9081
1591.8201	1110.2505
1593.4049	1110.4402
1594.9897	1113.9856
1596.5746	1128.4049
1598.1595	1119.75
1599.7444	1111.5325
1601.3292	1116.4247
1602.9141	1115.8253
1604.499	1117.451
1606.0839	1124.8395
1607.6687	1122.7653
1609.2535	1131.6526
1610.8385	1121.3906
1612.4233	1118.1655
1614.0082	1119.0751
1615.593	1116.9161
1617.1779	1123.0712
1618.7628	1125.2813
1620.3477	1116.2589
1621.9325	1106.8798
1623.5173	1119.6819
1625.1023	1119.4015
1626.6871	1117.6289
1628.272	1117.7244
1629.8568	1114.9863
1631.4418	1116.0886
1633.0266	1115.0358
1634.6115	1105.4348
1636.1963	1112.2626
1637.7811	1114.2682
1639.3661	1107.3079
1640.9509	1111.9418
1642.5358	1098.9789
1644.1206	1099.8511
1645.7056	1119.877
1647.2904	1119.1191
1648.8752	1113.275
1650.4601	1118.2175
1652.045	1108.4689
1653.6299	1114.0138
1655.2147	1113.4132
1656.7996	1110.4995
1658.3844	1121.636
1659.9694	1117.4497
1661.5542	1110.5864
1663.139	1107.0354
1664.7239	1110.9049
1666.3088	1113.2102
1667.8937	1107.2046
1669.4785	1111.5961
1671.0634	1110.8379
1672.6483	1104.6007
1674.2332	1113.1379
1675.818	1123.2252
1677.4028	1109.6254
1678.9877	1114.1486
1680.5726	1116.6901
1682.1575	1110.1901
1683.7423	1104.0861
1685.3271	1123.5422
1686.9121	1112.5461
1688.4969	1106.7698
1690.0818	1104.9093
1691.6666	1103.6992
1693.2516	1111.9341
1694.8364	1111.8115
1696.4213	1119.7754
1698.0061	1113.4781
1699.5909	1106.9156
1701.1759	1116.0801
1702.7607	1106.5095
1704.3456	1104.5352
1705.9304	1120.973
1707.5154	1124.9781
1709.1002	1117.2305
1710.6851	1102.6821
1712.2699	1112.1366
1713.8549	1109.1578
1715.4397	1113.849
1717.0245	1118.3199
1718.6094	1117.3157
1720.1942	1105.5187
1721.7792	1124.214
1723.364	1109.4332
1724.9489	1119.5382
1726.5337	1119.6006
1728.1187	1122.7108
1729.7035	1118.5955
1731.2883	1129.856
1732.8732	1119.5295
1734.4581	1133.9656
1736.043	1121.7488
1737.6278	1122.636
1739.2126	1115.5701
1740.7975	1125.1222
1742.3824	1138.3578
1743.9673	1146.5132
1745.5521	1134.2626
1747.137	1128.2019
1748.7219	1112.1837
1750.3068	1116.3053
1751.8916	1122.7512
1753.4764	1121.4636
1755.0614	1117.4459
1756.6462	1131.592
1758.2311	1122.7605
1759.8159	1124.5012
1761.4009	1116.9315
1762.9857	1113.7473
1764.5706	1110.5872
1766.1554	1116.6484
1767.7402	1117.8998
1769.3252	1123.2327
1770.91	1132.0337
1772.4949	1125.8403
1774.0797	1125.261
1775.6647	1125.0707
1777.2495	1127.3815
1778.8344	1132.2067
1780.4192	1126.2954
1782.0042	1128.1139
1783.589	1131.0101
1785.1738	1130.9132
1786.7587	1132.7328
1788.3435	1138.4181
1789.9285	1113.12
1791.5133	1125.3145
1793.0981	1131.8788
1794.683	1131.7836
1796.2679	1131.5205
1797.8528	1124.386
1799.4376	1129.5205
1801.0225	1143.0198
1802.6074	1124.7606
1804.1923	1128.4558
1805.7771	1118.9937
1807.3619	1129.0948
1808.9468	1132.8347
1810.5317	1125.3553
1812.1166	1137.6688
1813.7014	1132.7531
1815.2863	1123.4199
1816.8712	1123.4907
1818.4561	1122.6633
1820.0409	1122.323
1821.6257	1126.8474
1823.2107	1114.4818
1824.7955	1122.3335
1826.3804	1126.1755
1827.9652	1135.9703
1829.55	1126.2847
1831.135	1129.0415
1832.7198	1124.8054
1834.3047	1136.0598
1835.8895	1133.2808
1837.4745	1125.5022
1839.0593	1141.5635
1840.6442	1139.1664
1842.229	1125.2144
1843.814	1138.4557
1845.3988	1130.46
1846.9836	1127.4425
1848.5685	1126.4933
1850.1533	1126.0073
1851.7383	1131.1685
1853.3231	1136.8199
1854.908	1139.7544
1856.4928	1143.6782
1858.0778	1137.5862
1859.6626	1134.8105
1861.2474	1129.519
1862.8323	1136.0863
1864.4172	1135.1661
1866.0021	1115.5363
1867.5869	1120.4636
1869.1718	1136.6715
1870.7566	1133.5719
1872.3416	1128.5459
1873.9264	1128.3204
1875.5112	1132.7747
1877.0961	1136.1208
1878.681	1133.1498
1880.2659	1133.6619
1881.8507	1141.3132
1883.4355	1132.2107
1885.0205	1140.8041
1886.6053	1133.6897
1888.1902	1130.0508
1889.775	1145.4366
1891.3599	1141.9482
1892.9448	1127.6704
1894.5297	1136.4253
1896.1145	1130.3093
1897.6993	1129.3832
1899.2843	1132.3135
1900.8691	1134.056
1902.454	1130.2319
1904.0388	1134.4492
1905.6238	1148.4531
1907.2086	1138.6792
1908.7935	1142.2562
1910.3783	1141.4569
1911.9631	1128.4908
1913.5481	1134.4683
1915.1329	1122.8823
1916.7178	1146.1449
1918.3026	1138.0596
1919.8876	1139.7776
1921.4724	1131.1991
1923.0573	1140.573
1924.6421	1405.4373
1926.2271	1281.4366
1927.8119	1152.0836
1929.3967	1130.5598
1930.9816	1137.7902
1932.5664	1145.9585
1934.1514	1129.0474
1935.7362	1129.0483
1937.321	1139.5093
1938.9059	1129.9993
1940.4908	1126.8163
1942.0757	1133.4238
1943.6605	1129.3877
1945.2454	1123.1079
1946.8303	1133.3284
1948.4152	1132.4819
1950	1132.2438
1951.5848	1136.5704
1953.1697	1134.9432
1954.7546	1125.5851
1956.3395	1131.5411
1957.9243	1133.6515
1959.5092	1120.6689
1961.0941	1138.0594
1962.679	1140.389
1964.2638	1143.3994
1965.8486	1134.5807
1967.4336	1138.2236
1969.0184	1141.7472
1970.6033	1142.389
1972.1881	1148.701
1973.7729	1141.0302
1975.3579	1130.7325
1976.9427	1133.9155
1978.5276	1130.4923
1980.1124	1146.1357
1981.6974	1149.5446
1983.2822	1136.6
1984.8671	1130.182
1986.4519	1124.549
1988.0369	1122.6987
1989.6217	1148.873
1991.2065	1138.0321
1992.7914	1136.0889
1994.3762	1138.4626
1995.9612	1144.2013
1997.546	1137.8389
1999.1309	1135.2968
2000.7157	1135.2262
2002.3007	1136.77
2003.8855	1129.0811
2005.4703	1124.2632
2007.0552	1132.9501
2008.6401	1137.1639
2010.225	1148.4081
2011.8098	1143.2632
2013.3947	1134.2423
2014.9795	1130.0321
2016.5645	1122.4331
2018.1493	1130.6705
2019.7341	1121.932
2021.319	1119.2012
2022.9039	1131.1599
2024.4888	1116.9326
2026.0736	1134.5356
2027.6584	1122.4746
2029.2434	1125.53
2030.8282	1137.0383
2032.4131	1129.2169
2033.9979	1138.156
2035.5828	1136.7576
2037.1677	1132.7056
2038.7526	1122.6945
2040.3374	1132.422
2041.9222	1136.8473
2043.5072	1126.5732
2045.092	1115.2909
2046.6769	1126.5424
2048.2617	1129.5255
2049.8467	1126.4849
2051.4314	1143.3204
2053.0164	1131.7308
2054.6013	1132.9713
2056.186	1135.1576
2057.771	1137.59
2059.3557	1124.5916
2060.9407	1129.5245
2062.5256	1134.5806
2064.1104	1129.3621
2065.6953	1135.7572
2067.2803	1142.8832
2068.865	1144.1895
2070.45	1147.0564
2072.0347	1132.7618
2073.6196	1134.8887
2075.2046	1129.1875
2076.7893	1137.7532
2078.3743	1142.5415
2079.959	1143.9923
2081.5439	1149.4625
2083.1289	1147.4366
2084.7136	1142.8264
2086.2986	1145.2662
2087.8835	1134.1036
2089.4683	1148.2753
2091.0532	1139.5146
2092.6379	1152.1344
2094.2229	1173.7852
2095.8079	1170.0291
2097.3926	1180.2458
2098.9775	1165.4059
2100.5623	1152.3386
2102.1472	1145.8511
2103.7322	1153.212
2105.3169	1142.6104
2106.9019	1145.2993
2108.4868	1144.3899
2110.0715	1136.6461
2111.6565	1155.897
2113.2412	1145.1503
2114.8262	1144.8787
2116.4111	1151.8979
2117.9958	1147.3534
2119.5808	1155.9735
2121.1655	1153.314
2122.7505	1139.959
2124.3354	1126.4476
2125.9202	1135.6337
2127.5051	1137.5551
2129.0901	1130.8134
2130.6748	1142.6439
2132.2598	1133.0933
2133.8445	1144.1715
2135.4294	1129.9182
2137.0144	1142.9019
2138.5991	1132.1383
2140.1841	1137.4681
2141.7688	1131.2217
2143.3538	1137.2708
2144.9387	1144.6451
2146.5234	1134.2913
2148.1084	1139.042
2149.6934	1133.1483
2151.2781	1141.2825
2152.863	1140.311
2154.4478	1133.0966
2156.0327	1140.2694
2157.6177	1156.0999
2159.2024	1163.3494
2160.7874	1157.676
2162.3721	1162.3755
2163.957	1143.7521
2165.542	1142.6208
2167.1267	1140.3706
2168.7117	1132.4806
2170.2966	1132.2799
2171.8813	1140.6504
2173.4663	1127.2007
2175.051	1121.087
2176.636	1137.7826
2178.2209	1132.4076
2179.8057	1132.7997
2181.3906	1131.5836
2182.9753	1122.7029
2184.5603	1136.7549
2186.1453	1136.9886
2187.73	1135.5017
2189.3149	1128.7915
2190.8999	1133.1295
2192.4846	1136.55
2194.0696	1125.8376
2195.6543	1139.3879
2197.2393	1139.6853
2198.8242	1138.9761
2200.4089	1134.5906
2201.9939	1129.5542
2203.5786	1131.8883
2205.1636	1141.8541
2206.7485	1129.135
2208.3333	1123.7991
2209.9182	1141.7483
2211.5032	1146.8622
2213.0879	1129.0645
2214.6729	1138.2616
2216.2576	1134.0117
2217.8425	1135.333
2219.4275	1145.5643
2221.0122	1142.6891
2222.5972	1135.6166
2224.1819	1133.3036
2225.7668	1132.3293
2227.3518	1131.0508
2228.9365	1132.5743
2230.5215	1129.1252
2232.1064	1134.2872
2233.6912	1126.5026
2235.2761	1131.0574
2236.8608	1128.6021
2238.4458	1135.6232
2240.0308	1136.1819
2241.6155	1138.5195
2243.2004	1159.9935
2244.7852	1132.7924
2246.3701	1149.996
2247.9551	1133.5472
2249.5398	1140.4781
2251.1248	1136.2096
2252.7097	1141.0914
2254.2944	1145.9806
2255.8794	1140.5776
2257.4641	1125.7268
2259.0491	1131.285
2260.634	1132.0712
2262.2188	1133.91
2263.8037	1136.4875
2265.3884	1145.171
2266.9734	1143.7347
2268.5583	1142.9735
2270.1431	1138.7019
2271.728	1131.651
2273.313	1140.2764
2274.8977	1131.3452
2276.4827	1143.3748
2278.0674	1132.1671
2279.6523	1146.3571
2281.2373	1140.9366
2282.822	1141.9642
2284.407	1140.0204
2285.9917	1143.875
2287.5767	1131.9838
2289.1616	1140.5009
2290.7463	1139.9618
2292.3313	1131.532
2293.9163	1136.0411
2295.501	1139.1116
2297.0859	1139.5195
2298.6707	1135.902
2300.2556	1147.7438
2301.8406	1131.897
2303.4253	1132.03
2305.0103	1138.718
2306.595	1139.7358
2308.1799	1144.1243
2309.7649	1139.0247
2311.3496	1131.939
2312.9346	1145.6963
2314.5195	1148.0217
2316.1042	1130.4175
2317.6892	1124.6169
2319.2739	1132.8049
2320.8589	1144.4983
2322.4438	1133.5952
2324.0286	1137.0648
2325.6135	1132.3005
2327.1982	1134.3987
2328.7832	1126.3162
2330.3682	1142.5103
2331.9529	1149.0293
2333.5378	1139.3392
2335.1228	1141.6135
2336.7075	1130.1378
2338.2925	1132.8507
2339.8772	1148.3165
2341.4622	1137.881
2343.0471	1131.5801
2344.6318	1136.9132
2346.2168	1140.0134
2347.8018	1139.9011
2349.3865	1133.9009
2350.9714	1135.8309
2352.5562	1134.2872
2354.1411	1136.0116
2355.7261	1137.7139
2357.3108	1143.12
2358.8958	1142.1775
2360.4805	1138.4265
2362.0654	1134.3857
2363.6504	1133.9531
2365.2351	1130.5072
2366.8201	1128.0446
2368.405	1138.5128
2369.9897	1147.6212
2371.5747	1138.3767
2373.1594	1133.8091
2374.7444	1158.0547
2376.3293	1135.614
2377.9141	1137.0901
2379.499	1131.6952
2381.0837	1128.2172
2382.6687	1130.7815
2384.2537	1141.0861
2385.8384	1135.645
2387.4233	1129.5006
2389.0083	1135.1101
2390.593	1133.6143
2392.178	1133.4447
2393.7627	1134.7173
2395.3477	1144.8472
2396.9326	1142.2548
2398.5173	1125.6154
2400.1023	1135.0024
2401.687	1136.1525
2403.272	1136.9473
2404.8569	1126.7716
2406.4417	1130.8336
2408.0266	1123.6854
2409.6116	1128.299
2411.1963	1132.1821
2412.7813	1118.8794
2414.366	1128.2606
2415.9509	1135.7706
2417.5359	1129.7167
2419.1206	1124.3494
2420.7056	1118.799
2422.2903	1122.0792
2423.8752	1130.1914
2425.4602	1130.5873
2427.0449	1135.1193
2428.6299	1136.6127
2430.2148	1130.4288
2431.7996	1121.3961
2433.3845	1112.1737
2434.9692	1125.0695
2436.5542	1130.804
2438.1392	1142.1112
2439.7239	1130.6929
2441.3088	1128.9435
2442.8936	1121.2963
2444.4785	1126.6824
2446.0635	1125.5967
2447.6482	1127.6687
2449.2332	1126.5763
2450.8181	1124.6951
2452.4028	1129.5714
2453.9878	1116.3737
2455.5725	1133.608
2457.1575	1138.0852
2458.7424	1116.1978
2460.3271	1124.1671
2461.9121	1126.2036
2463.4968	1114.4714
2465.0818	1115.8894
2466.6667	1118.4365
2468.2515	1121.9939
2469.8364	1120.2173
2471.4214	1126.4004
2473.0061	1129.2534
2474.5911	1124.5142
2476.1758	1117.0538
2477.7607	1117.6611
2479.3457	1124.6327
2480.9304	1115.0874
2482.5154	1111.4115
2484.1001	1113.9536
2485.6851	1121.9091
2487.27	1120.9139
2488.8547	1131.9642
2490.4397	1131.6178
2492.0247	1118.4637
2493.6094	1129.2944
2495.1943	1121.5925
2496.7791	1133.059
2498.364	1128.6012
2499.949	1140.2791
2501.5337	1126.2827
2503.1187	1120.1875
2504.7034	1119.8519
2506.2883	1109.2004
2507.8733	1110.8716
2509.458	1120.3224
2511.043	1122.0302
2512.6279	1115.9138
2514.2126	1121.5374
2515.7976	1122.6791
2517.3823	1126.3458
2518.9673	1130.8561
2520.5522	1135.5562
2522.137	1126.3083
2523.7219	1111.6069
2525.3066	1113.8456
2526.8916	1117.9327
2528.4766	1120.0715
2530.0613	1115.3281
2531.6462	1122.5438
2533.2312	1113.9473
2534.8159	1114.6489
2536.4009	1118.6594
2537.9856	1109.8998
2539.5706	1122.0245
2541.1555	1111.2585
2542.7402	1105.5192
2544.3252	1102.0996
2545.9099	1108.8649
2547.4949	1117.1105
2549.0798	1162.5337
2550.6646	1181.4734
2552.2495	1145.6638
2553.8345	1122.7781
2555.4192	1119.7983
2557.0042	1104.6294
2558.5889	1113.7858
2560.1738	1101.9308
2561.7588	1103.0126
2563.3435	1127.0105
2564.9285	1120.3009
2566.5132	1128.2144
2568.0981	1118.3644
2569.6831	1123.2212
2571.2678	1106.4015
2572.8528	1108.4585
2574.4377	1109.113
2576.0225	1112.6873
2577.6074	1116.0583
2579.1921	1114.0045
2580.7771	1118.4961
2582.3621	1102.7166
2583.9468	1101.995
2585.5317	1106.481
2587.1165	1102.0399
2588.7014	1105.2764
2590.2864	1105.8726
2591.8711	1101.2523
2593.4561	1105.8268
2595.041	1112.4808
2596.6257	1110.1492
2598.2107	1097.8778
2599.7954	1104.4241
2601.3804	1099.0273
2602.9653	1092.6661
2604.55	1102.1437
2606.135	1104.1298
2607.7197	1098.5785
2609.3047	1102.8774
2610.8896	1108.4586
2612.4744	1109.2151
2614.0593	1096.332
2615.6443	1100.2965
2617.229	1110.4686
2618.814	1108.7386
2620.3987	1105.1648
2621.9836	1101.6993
2623.5686	1111.3549
2625.1533	1102.7427
2626.7383	1112.8728
2628.323	1101.6836
2629.908	1103.6085
2631.4929	1114.2823
2633.0776	1117.4863
2634.6626	1101.9697
2636.2476	1108.9921
2637.8323	1102.8116
2639.4172	1103.5341
2641.002	1093.8287
2642.5869	1090.808
2644.1719	1097.5819
2645.7566	1097.5836
2647.3416	1099.0336
2648.9263	1093.1257
2650.5112	1104.8418
2652.0962	1096.8004
2653.6809	1102.3861
2655.2659	1095.1321
2656.8508	1103.3992
2658.4355	1094.715
2660.0205	1094.7599
2661.6052	1097.2268
2663.1902	1083.0471
2664.7751	1090.7395
2666.3599	1106.5824
2667.9448	1088.2018
2669.5295	1101.7086
2671.1145	1088.5973
2672.6995	1100.5844
2674.2842	1089.5786
2675.8691	1092.4088
2677.4541	1093.6349
2679.0388	1092.447
2680.6238	1091.588
2682.2085	1101.5652
2683.7935	1096.0117
2685.3784	1096.4688
2686.9631	1096.4578
2688.5481	1093.8845
2690.1328	1091.6459
2691.7178	1097.2062
2693.3027	1087.9625
2694.8875	1085.5967
2696.4724	1088.4064
2698.0574	1087.902
2699.6421	1087.6238
2701.2271	1089.0348
2702.8118	1089.9609
2704.3967	1091.4958
2705.9817	1093.6302
2707.5664	1097.3206
2709.1514	1093.4276
2710.7361	1092.6488
2712.321	1084.0765
2713.906	1082.5609
2715.4907	1076.8492
2717.0757	1075.429
2718.6606	1082.4313
2720.2454	1074.1483
2721.8303	1085.3215
2723.415	1086.877
2725	1085.416
2726.585	1090.3901
2728.1697	1085.1577
2729.7546	1082.3882
2731.3394	1078.1809
2732.9243	1073.2125
2734.5093	1082.1176
2736.094	1095.259
2737.679	1091.5719
2739.2639	1087.3953
2740.8486	1088.6338
2742.4336	1084.692
2744.0183	1079.4216
2745.6033	1078.2296
2747.1882	1079.2074
2748.7729	1080.8097
2750.3579	1084.3589
2751.9426	1086.0654
2753.5276	1086.6681
2755.1125	1087.0667
2756.6973	1069.3311
2758.2822	1066.9399
2759.8672	1082.6752
2761.4519	1076.5243
2763.0369	1081.9644
2764.6216	1072.3125
2766.2065	1076.5504
2767.7915	1068.2222
2769.3762	1077.644
2770.9612	1077.9384
2772.5459	1077.4805
2774.1309	1080.8719
2775.7158	1076.1725
2777.3005	1080.7622
2778.8855	1064.9796
2780.4705	1065.114
2782.0552	1081.3972
2783.6401	1071.9352
2785.2249	1078.9961
2786.8098	1084.3748
2788.3948	1064.7227
2789.9795	1079.6639
2791.5645	1080.5607
2793.1492	1084.0427
2794.7341	1076.9443
2796.3191	1068.804
2797.9038	1064.4108
2799.4888	1069.6541
2801.0737	1072.0251
2802.6584	1064.9025
2804.2434	1067.0442
2805.8281	1069.7876
2807.4131	1071.754
2808.998	1068.725
2810.5828	1076.719
2812.1677	1073.7949
2813.7524	1070.7642
2815.3374	1068.3922
2816.9224	1070.9352
2818.5071	1068.3052
2820.092	1076.3138
2821.677	1066.168
2823.2617	1069.6483
2824.8467	1083.1868
2826.4314	1071.1635
2828.0164	1082.0295
2829.6013	1078.5902
2831.186	1064.6743
2832.771	1073.517
2834.3557	1067.5757
2835.9407	1073.5453
2837.5256	1077.9309
2839.1104	1069.8887
2840.6953	1060.1503
2842.2803	1058.1995
2843.865	1067.349
2845.45	1064.5487
2847.0347	1072.1364
2848.6196	1068.2126
2850.2046	1069.066
2851.7893	1068.298
2853.3743	1066.4237
2854.959	1057.4884
2856.5439	1051.3448
2858.1289	1049.7695
2859.7136	1065.4681
2861.2986	1055.6713
2862.8835	1057.5668
2864.4683	1065.9348
2866.0532	1074.031
2867.6379	1067.6108
2869.2229	1054.6448
2870.8079	1063.0176
2872.3926	1065.1971
2873.9775	1055.7413
2875.5623	1056.5227
2877.1472	1066.825
2878.7322	1061.5438
2880.3169	1074.1483
2881.9019	1057.9111
2883.4868	1048.5096
2885.0715	1059.2401
2886.6565	1053.043
2888.2412	1042.4286
2889.8262	1049.3231
2891.4111	1053.9293
2892.9958	1042.6298
2894.5808	1056.3281
2896.1655	1058.7839
2897.7505	1056.4745
2899.3354	1051.8149
2900.9202	1050.1409
2902.5051	1038.7357
2904.0901	1042.4604
2905.6748	1052.6405
2907.2598	1050.3872
2908.8445	1061.4625
2910.4294	1061.1444
2912.0144	1047.7266
2913.5991	1055.4012
2915.1841	1056.1439
2916.7688	1061.594
2918.3538	1045.3558
2919.9387	1054.4512
2921.5234	1049.998
2923.1084	1054.9435
2924.6934	1056.7656
2926.2781	1050.3837
2927.863	1049.9714
2929.4478	1049.9178
2931.0327	1047.8394
2932.6177	1056.5667
2934.2024	1046.1222
2935.7874	1053.5573
2937.3721	1036.457
2938.957	1041.9459
2940.542	1051.7494
2942.1267	1054.9514
2943.7117	1034.7124
2945.2966	1027.5236
2946.8813	1037.1302
2948.4663	1047.8177
2950.051	1037.3141
2951.636	1045.976
2953.2209	1043.0409
2954.8057	1042.4332
2956.3906	1041.9911
2957.9753	1035.4377
2959.5603	1051.329
2961.1453	1063.4056
2962.73	1046.413
2964.3149	1045.5911
2965.8999	1047.6798
2967.4846	1039.9371
2969.0696	1042.6764
2970.6543	1053.2378
2972.2393	1052.0751
2973.8242	1044.5493
2975.4089	1033.7671
2976.9939	1042.1243
2978.5786	1040.5454
2980.1636	1039.3461
2981.7485	1039.6096
2983.3333	1033.7953
2984.9182	1034.3561
2986.5032	1033.6067
2988.0879	1040.4222
2989.6729	1045.3903
2991.2576	1037.7444
2992.8425	1040.6892
2994.4275	1038.7562
2996.0122	1041.8568
2997.5972	1035.9221
2999.1819	1045.9512
3000.7668	1045.0813
3002.3518	1043.5411
3003.9365	1036.238
3005.5215	1039.7192
3007.1064	1033.9756
3008.6912	1038.6461
3010.2761	1036.5355
3011.8608	1031.526
3013.4458	1040.4298
3015.0308	1040.2435
3016.6155	1036.1498
3018.2004	1033.6597
3019.7852	1026.566
3021.3701	1030.0662
3022.9551	1038.6981
3024.5398	1038.6094
3026.1248	1040.6569
3027.7097	1040.4202
3029.2944	1033.4913
3030.8794	1038.0891
3032.4641	1049.0648
3034.0491	1031.7478
3035.634	1038.0256
3037.2188	1033.2032
3038.8037	1050.9548
3040.3884	1045.6741
3041.9734	1038.7253
3043.5583	1041.2987
3045.1431	1040.7445
3046.728	1047.9063
3048.313	1042.7153
3049.8977	1044.3463
3051.4827	1035.4857
3053.0674	1044.4388
3054.6523	1047.0514
3056.2373	1049.6033
3057.822	1061.1212
3059.407	1059.7349
3060.9917	1059.7864
3062.5767	1059.9858
3064.1616	1068.4666
3065.7463	1086.7963
3067.3313	1082.4772
3068.9163	1086.0629
3070.501	1086.3644
3072.0859	1088.6475
3073.6707	1065.5033
3075.2556	1072.7384
3076.8406	1067.6492
3078.4253	1061.3623
3080.0103	1050.0918
3081.595	1051.4635
3083.1799	1047.0554
3084.7649	1043.9318
3086.3496	1033.1654
3087.9346	1028.4381
3089.5195	1034.8981
3091.1042	1037.3815
3092.6892	1037.611
3094.2739	1040.9233
3095.8589	1032.4569
3097.4438	1024.6855
3099.0286	1038.4384
3100.6135	1028.0762
3102.1982	1023.1095
3103.7832	1028.6252
3105.3682	1035.0382
3106.9529	1027.0109
3108.5378	1029.0958
3110.1228	1026.2582
3111.7075	1030.4338
3113.2925	1028.8103
3114.8772	1029.7328
3116.4622	1025.9067
3118.0471	1032.978
3119.6318	1023.3033
3121.2168	1028.1788
3122.8018	1017.0359
3124.3865	1033.2614
3125.9714	1038.7369
3127.5562	1032.3628
3129.1411	1019.142
3130.7261	1021.4387
3132.3108	1017.3328
3133.8958	1021.1859
3135.4805	1023.2499
3137.0654	1021.02
3138.6504	1023.8113
3140.2351	1013.0274
3141.8201	1031.2288
3143.405	1032.3584
3144.9897	1026.7651
3146.5747	1024.8872
3148.1594	1023.1341
3149.7444	1037.7622
3151.3293	1026.4722
3152.9141	1022.7283
3154.499	1026.7463
3156.0837	1033.5767
3157.6687	1020.0663
3159.2537	1030.5442
3160.8384	1024.7379
3162.4233	1023.1715
3164.0083	1029.093
3165.593	1016.8627
3167.178	1024.1294
3168.7627	1016.2321
3170.3477	1005.2241
3171.9326	1022.5816
3173.5173	1010.2157
3175.1023	1018.8719
3176.687	1017.9976
3178.272	1014.7886
3179.8569	1019.2679
3181.4417	1016.3357
3183.0266	1011.6727
3184.6116	1009.8923
3186.1963	1002.9869
3187.7813	1014.6683
3189.366	1005.9289
3190.9509	1011.3741
3192.5359	1005.1378
3194.1206	1004.5334
3195.7056	1012.1609
3197.2903	1013.0821
3198.8752	1012.861
3200.4602	1005.2879
3202.0449	1013.4227
3203.6299	1000.8354
3205.2148	1009.2215
3206.7996	1020.6747
3208.3845	1000.9815
3209.9692	1007.8849
3211.5542	1014.2859
3213.1392	1012.5619
3214.7239	1004.8816
3216.3088	1014.6906
3217.8936	1006.5731
3219.4785	1011.6182
3221.0635	1006.527
3222.6482	1012.3705
3224.2332	1002.5095
3225.8181	998.36389
3227.4028	1013.8641
3228.9878	1011.6214
3230.5725	1000.3548
3232.1575	1013.4299
3233.7424	1009.0203
3235.3271	1000.0493
3236.9121	996.81183
3238.4968	1003.8456
3240.0818	1004.8392
3241.6667	997.62268
3243.2515	1000.5831
3244.8364	1007.2064
3246.4214	1006.7476
3248.0061	1006.6451
3249.5911	999.88794
3251.1758	1005.1855
3252.7607	1010.9846
3254.3457	995.17798
3255.9304	1001.8484
3257.5154	1005.3584
3259.1001	1001.6133
3260.6851	996.24335
3262.27	1003.982
3263.8547	1008.899
3265.4397	1009.8516
3267.0247	1005.0989
3268.6094	998.72131
3270.1943	985.32745
3271.7791	996.48053
3273.364	999.38177
3274.949	995.30817
3276.5337	992.37738
3278.1187	994.86237
3279.7034	995.15472
3281.2883	988.33252
3282.8733	1004.6048
3284.458	1009.1542
3286.043	1000.7909
3287.6279	994.56311
3289.2126	1000.2487
3290.7976	989.09595
3292.3823	997.59021
3293.9673	996.77222
3295.5522	994.76056
3297.137	999.75305
3298.7219	990.56464
3300.3066	995.51495
3301.8916	994.92859
3303.4766	989.62024
3305.0613	996.69244
3306.6462	999.71149
3308.2312	995.05426
3309.8159	1000.2995
3311.4009	988.72522
3312.9856	999.91394
3314.5706	988.03711
3316.1555	997.38971
3317.7402	991.05164
3319.3252	985.42017
3320.9099	987.15326
3322.4949	990.38312
3324.0798	990.75208
3325.6646	985.47784
3327.2495	988.79498
3328.8345	983.62433
3330.4192	983.79602
3332.0042	995.40704
3333.5889	992.66467
3335.1738	990.92645
3336.7588	995.13818
3338.3435	980.63928
3339.9285	984.79596
3341.5132	982.31195
3343.0981	981.20721
3344.6831	990.33545
3346.2678	985.12213
3347.8528	984.9024
3349.4377	993.79803
3351.0225	984.91937
3352.6074	979.21472
3354.1921	989.00409
3355.7771	991.93713
3357.3621	986.67969
3358.9468	982.25238
3360.5317	991.76929
3362.1165	981.80725
3363.7014	981.70868
3365.2864	987.61908
3366.8711	987.85461
3368.4561	979.79242
3370.041	979.93976
3371.6257	982.99872
3373.2107	973.539
3374.7954	971.82281
3376.3804	977.42474
3377.9653	983.33002
3379.55	985.44586
3381.135	983.26056
3382.7197	980.53479
3384.3047	968.9743
3385.8896	970.92627
3387.4744	979.39667
3389.0593	972.45013
3390.6443	976.7655
3392.229	974.39301
3393.814	972.7608
3395.3987	978.62701
3396.9836	979.31488
3398.5686	980.71582
3400.1533	974.38269
3401.7383	977.29272
3403.323	970.53949
3404.908	968.27997
3406.4929	976.25061
3408.0776	979.85138
3409.6626	977.46307
3411.2476	974.55054
3412.8323	970.60034
3414.4172	972.77979
3416.002	967.21582
3417.5869	976.25342
3419.1719	978.78674
3420.7566	965.89014
3422.3416	967.18665
3423.9263	965.07874
3425.5112	960.16986
3427.0962	971.138
3428.6809	977.31757
3430.2659	975.19415
3431.8508	970.75635
3433.4355	971.02264
3435.0205	963.64893
3436.6052	963.0769
3438.1902	972.59363
3439.7751	969.1828
3441.3599	962.05792
3442.9448	963.41455
3444.5295	971.65558
3446.1145	969.65833
3447.6995	977.50195
3449.2842	975.67877
3450.8691	965.95404
3452.4541	967.67047
3454.0388	957.04987
3455.6238	966.60284
3457.2085	962.62701
3458.7935	958.25549
3460.3784	962.96747
3461.9631	955.33307
3463.5481	958.99866
3465.1328	959.94305
3466.7178	963.57654
3468.3027	953.47357
3469.8875	960.63513
3471.4724	956.04871
3473.0574	947.28046
3474.6421	958.03766
3476.2271	968.85883
3477.8118	958.27869
3479.3967	962.13055
3480.9817	954.72333
3482.5664	959.10303
3484.1514	959.83649
3485.7361	958.71356
3487.321	953.505
3488.906	955.26599
3490.4907	954.05695
3492.0757	951.39447
3493.6606	953.35114
3495.2454	965.9917
3496.8303	951.47845
3498.415	952.24567
3500	950.04926
